0.17722420 0.45836299 0.36441281
0.20272769 0.46948682 0.32778548
0.20398010 0.47142337 0.32459653
0.20114259 0.46845989 0.33039752
0.19989914 0.46772567 0.33237519
0.21394047 0.47189010 0.31416942
0.19887955 0.46498599 0.33613445
0.21114917 0.47212706 0.31672376
0.19870816 0.46846741 0.33282443
0.18935729 0.46129924 0.34934347
0.20224374 0.46995543 0.32780083
0.20601972 0.47543012 0.31855016
0.20115207 0.47004608 0.32880184
0.21012531 0.47328321 0.31659148
0.20874400 0.47215904 0.31909696
0.20108696 0.46984990 0.32906315
0.20467836 0.47149123 0.32383041
0.20224504 0.47337619 0.32437878
0.20209581 0.46931138 0.32859281
0.20179509 0.47111020 0.32709470
0.20530565 0.46943483 0.32525952
0.20499244 0.46747352 0.32753404
0.19937141 0.46857065 0.33205794
0.16754994 0.45841826 0.37403180
0.19988610 0.46697039 0.33314351
0.18263736 0.46329670 0.35406593
0.20963855 0.46506024 0.32530120
0.21242823 0.47247552 0.31509625
0.17093740 0.45767110 0.37139150
0.20562500 0.46833333 0.32604167
0.18989547 0.45993031 0.35017422
0.20654810 0.46988682 0.32356508
0.19533961 0.46405553 0.34060486
0.20386375 0.46924250 0.32689375
0.16879293 0.45657507 0.37463199
0.20357467 0.47106937 0.32535595
0.19838126 0.46082314 0.34079559
0.20738988 0.47178101 0.32082911
0.20113738 0.47051781 0.32834481
0.20238437 0.47069808 0.32691755
0.15032999 0.44707895 0.40259105
0.19591141 0.45400341 0.35008518
0.20506400 0.46939343 0.32554257
0.19956444 0.46584835 0.33458721
0.15887157 0.45285820 0.38827023
0.20079107 0.46975337 0.32945556
0.18029404 0.45731235 0.36239360
0.20438596 0.46842105 0.32719298
0.20170597 0.46797123 0.33032280
0.19976053 0.47096388 0.32927559
0.15633937 0.45519542 0.38846520
0.17773167 0.45504841 0.36721992
0.20399251 0.47067998 0.32532751
0.16481687 0.45782464 0.37735849
0.18674177 0.45927210 0.35398614
0.20374707 0.46771495 0.32853797
0.20239880 0.47212757 0.32547363
0.20266358 0.46670527 0.33063115
0.20875241 0.47164562 0.31960197
0.20131579 0.46776316 0.33092105
0.20830497 0.47106875 0.32062628
0.19707082 0.46811272 0.33481646
0.24450744 0.46917080 0.28632176
0.19084854 0.46413747 0.34501400
0.20210016 0.47415186 0.32374798
0.19766265 0.46673415 0.33560320
0.20874089 0.47211238 0.31914672
0.16080402 0.45326633 0.38592965
0.23960880 0.47677262 0.28361858
0.19843103 0.46982385 0.33174512
0.20063694 0.46560510 0.33375796
0.20664528 0.47294578 0.32040894
0.19650173 0.46848408 0.33501418
0.18442854 0.46262474 0.35294671
0.19239164 0.46304958 0.34455878
0.20669456 0.46945607 0.32384937
0.20075758 0.46797521 0.33126722
0.21338912 0.46569038 0.32092050
0.21023713 0.47079237 0.31897050
0.20814815 0.47407407 0.31777778
0.20907784 0.47073321 0.32018895
0.22267853 0.47581565 0.30150582
0.18690909 0.46109091 0.35200000
0.20220683 0.46651270 0.33128047
0.20216676 0.46817566 0.32965757
0.19979173 0.46742041 0.33278786
0.22085890 0.47529868 0.30384243
0.17506573 0.45858896 0.36634531
0.19339298 0.46180317 0.34480385
0.20846395 0.46865204 0.32288401
0.21909385 0.46828479 0.31262136
0.18233438 0.45804416 0.35962145
0.20216757 0.46936223 0.32847020
0.20466321 0.46632124 0.32901554
0.20423729 0.46885593 0.32690678
0.20636890 0.46939620 0.32423490
0.19563523 0.46453624 0.33982853
0.24882943 0.47290970 0.27826087
0.22880854 0.47065797 0.30053349
0.18797327 0.46102450 0.35100223
0.19777648 0.46459918 0.33762434
0.16280323 0.45579515 0.38140162
0.25485932 0.47546554 0.26967514
0.16353678 0.45070423 0.38575900
0.19953596 0.46403712 0.33642691
0.19082377 0.46089677 0.34827946
0.20795548 0.47217642 0.31986810
0.20579043 0.47096562 0.32324395
0.18440333 0.46020117 0.35539550
0.20845384 0.46985539 0.32169077
0.16913397 0.45558845 0.37527757
0.20344456 0.46716900 0.32938644
0.20167576 0.47057677 0.32774747
0.20201702 0.46643555 0.33154743
0.20700101 0.47021205 0.32278694
0.20246757 0.46947169 0.32806074
0.17451122 0.45474294 0.37074584
0.22134477 0.46750903 0.31114621
0.19842165 0.46448703 0.33709132
0.20365053 0.47149303 0.32485644
0.20078373 0.46930397 0.32991230
0.20751897 0.47324929 0.31923175
0.18131868 0.45525903 0.36342229
0.21654501 0.47445255 0.30900243
0.20508348 0.47121854 0.32369798
0.17938125 0.46341687 0.35720187
0.20614732 0.47164812 0.32220456
0.19537954 0.46864686 0.33597360
0.16222791 0.45685019 0.38092190
0.20793754 0.46987638 0.32218608
0.20485686 0.47087000 0.32427314
0.19568213 0.46531925 0.33899862
0.20283371 0.47203579 0.32513050
0.20297177 0.46745914 0.32956909
0.19805936 0.46261416 0.33932648
0.20336269 0.46917534 0.32746197
0.20053333 0.47061333 0.32885333
0.16699801 0.45460570 0.37839629
0.20333988 0.47304082 0.32361930
0.20180723 0.46927711 0.32891566
0.20101597 0.46976294 0.32922109
0.20344758 0.47003407 0.32651834
0.20189798 0.46809015 0.33001186
0.19462996 0.46572168 0.33964836
0.16528652 0.45379265 0.38092083
0.20559572 0.47060673 0.32379755
0.20639417 0.47106435 0.32254148
0.15829205 0.45128568 0.39042227
0.17623498 0.46061415 0.36315087
0.20360000 0.46880000 0.32760000
0.21075372 0.47311570 0.31613058
0.20378151 0.46638655 0.32983193
0.20346093 0.47089670 0.32564237
0.20100503 0.46733668 0.33165829
0.20723104 0.47001764 0.32275132
0.20289855 0.46681922 0.33028223
0.21970624 0.46878825 0.31150551
0.16350148 0.45074184 0.38575668
0.19410086 0.46622265 0.33967650
0.20645351 0.47018439 0.32336210
0.20750988 0.46837945 0.32411067
0.20886076 0.47081575 0.32032349
0.20833333 0.46717172 0.32449495
0.20628183 0.46972269 0.32399547
0.18005716 0.46046364 0.35947920
0.20381956 0.46888377 0.32729667
0.18208955 0.45771144 0.36019900
0.19576097 0.46438034 0.33985870
0.21022727 0.47132035 0.31845238
0.20614859 0.47087959 0.32297182
0.21134021 0.47151384 0.31714596
0.17611160 0.45684394 0.36704446
0.20112254 0.46725912 0.33161833
0.19060773 0.46270718 0.34668508
0.20057102 0.46930764 0.33012134
0.20294229 0.46850245 0.32855526
0.20490620 0.47041847 0.32467532
0.16627451 0.45411765 0.37960784
0.21578266 0.47322122 0.31099612
0.20438871 0.47084639 0.32476489
0.19774011 0.46085553 0.34140436
0.19976443 0.46808009 0.33215548
0.20708583 0.46906188 0.32385230
0.20233165 0.46955054 0.32811781
0.20420792 0.46905941 0.32673267
0.20100865 0.46613833 0.33285303
0.20364912 0.47235088 0.32400000
0.17875458 0.45274725 0.36849817
0.23461799 0.47633536 0.28904665
0.17303592 0.46022634 0.36673774
0.21328056 0.47273527 0.31398417
0.20753407 0.47480726 0.31765866
0.20460779 0.46937283 0.32601938
0.21401435 0.47277332 0.31321233
0.20475113 0.46945701 0.32579186
0.18780971 0.46283449 0.34935580
0.17561521 0.45973154 0.36465324
0.20218295 0.47167360 0.32614345
0.17761557 0.45863747 0.36374696
0.19493550 0.46488294 0.34018156
0.20202622 0.46841478 0.32955900
0.19462600 0.46647301 0.33890099
0.19927774 0.46388707 0.33683519
0.20339977 0.46600234 0.33059789
0.20320078 0.46880052 0.32799871
0.20512821 0.46757164 0.32730015
0.16816935 0.46021168 0.37161897
0.20585233 0.47277986 0.32136781
0.20231868 0.47038032 0.32730100
0.16626127 0.45843468 0.37530405
0.20285005 0.47122962 0.32592033
0.18628617 0.46531906 0.34839477
0.20443227 0.46987052 0.32569721
0.21318822 0.47285531 0.31395647
0.19406780 0.46016949 0.34576271
0.16890882 0.45590433 0.37518685
0.20318533 0.47104247 0.32577220
0.16282421 0.45734870 0.37982709
0.19671280 0.46557093 0.33771626
0.19137056 0.46598985 0.34263959
0.17569243 0.45907400 0.36523357
0.17704280 0.45719844 0.36575875
0.19992891 0.46774480 0.33232628
0.17016492 0.45802099 0.37181409
0.19145049 0.46218487 0.34636463
0.23850144 0.47446686 0.28703170
0.20772193 0.47164117 0.32063690
0.20415369 0.46915888 0.32668744
0.21183379 0.46928636 0.31887986
0.20718954 0.47058824 0.32222222
0.21493350 0.47934547 0.30572102
0.20600858 0.46932593 0.32466549
0.20331126 0.46865342 0.32803532
0.20008074 0.47089221 0.32902705
0.19642857 0.46597490 0.33759653
0.20317744 0.47313198 0.32369058
0.20529801 0.46915301 0.32554897
0.20520172 0.47102191 0.32377637
0.15647922 0.45069275 0.39282804
0.21639586 0.47267356 0.31093058
0.16944938 0.45470693 0.37584369
0.20256184 0.46969965 0.32773852
0.20313344 0.47109670 0.32576985
0.20431115 0.46672915 0.32895970
0.20212192 0.47014925 0.32772883
0.17880086 0.45717345 0.36402570
0.20582458 0.47160304 0.32257238
0.20555556 0.46851852 0.32592593
0.20679887 0.46742210 0.32577904
0.18393004 0.46242143 0.35364854
0.20839350 0.47265343 0.31895307
0.19864751 0.46703297 0.33431953
0.17899250 0.45819936 0.36280815
0.21800117 0.47486850 0.30713033
0.20114793 0.46843204 0.33042004
0.20006118 0.46497400 0.33496482
0.18150289 0.45433526 0.36416185
0.21237503 0.47203459 0.31559038
0.20592334 0.46898955 0.32508711
0.16894782 0.45551754 0.37553464
0.20032733 0.46775777 0.33191489
0.19121562 0.46228926 0.34649512
0.20053191 0.47154255 0.32792553
0.20301550 0.46973880 0.32724570
0.20265549 0.46960168 0.32774284
0.19760479 0.46506986 0.33732535
0.19789579 0.47110888 0.33099532
0.19995695 0.46922084 0.33082221
0.18375870 0.46264501 0.35359629
0.18163125 0.45921864 0.35915010
0.20634038 0.46829811 0.32536151
0.20298710 0.46894094 0.32807196
0.21428571 0.47290640 0.31280788
0.15377616 0.44828632 0.39793752
0.19710145 0.46231884 0.34057971
0.19884726 0.46644710 0.33470564
0.17573541 0.46212468 0.36213992
0.20487641 0.47260011 0.32252347
0.20047342 0.46959213 0.32993445
0.20918018 0.47248230 0.31833752
0.16198420 0.45434592 0.38366989
0.20157631 0.46835443 0.33006926
0.20868114 0.46800223 0.32331664
0.22612827 0.46413302 0.30973872
0.20329881 0.47065593 0.32604526
0.20108401 0.46937669 0.32953930
0.20158103 0.46739130 0.33102767
0.19279907 0.46109175 0.34610918
0.20254958 0.46671388 0.33073654
0.20668441 0.47441585 0.31889973
0.18829690 0.46038251 0.35132058
0.20016474 0.46952224 0.33031301
0.19761337 0.46491647 0.33747017
0.20235849 0.46957547 0.32806604
0.20447216 0.47387659 0.32165126
0.24453360 0.47562688 0.27983952
0.20000000 0.46626506 0.33373494
0.17979868 0.45609163 0.36410968
0.17233888 0.44967415 0.37798697
0.19844180 0.46471127 0.33684693
0.17207334 0.45463094 0.37329572
0.19712352 0.46531303 0.33756345
0.18035883 0.46270066 0.35694051
0.20978395 0.47397291 0.31624314
0.19565217 0.46245059 0.34189723
0.15922228 0.45349448 0.38728324
0.20533446 0.47092859 0.32373695
0.16840909 0.45886364 0.37272727
0.18122626 0.45740640 0.36136734
0.21542700 0.47382920 0.31074380
0.19547989 0.46874083 0.33577928
0.20447050 0.46866984 0.32685966
0.21378446 0.47343358 0.31278195
0.20446097 0.47170591 0.32383313
0.20289855 0.46739130 0.32971014
0.19861432 0.46546294 0.33592274
0.22369801 0.47326110 0.30304089
0.20271171 0.46988220 0.32740609
0.20311098 0.46754412 0.32934490
0.15812939 0.45389869 0.38797192
0.18031772 0.46399835 0.35568393
0.20388350 0.46828479 0.32783172
0.19214753 0.46638905 0.34146341
0.16026490 0.45474614 0.38498896
0.19280922 0.46550196 0.34168882
0.20067404 0.46809290 0.33123306
0.20464441 0.46661829 0.32873730
0.19526462 0.46657382 0.33816156
0.19698010 0.46259437 0.34042553
0.20292416 0.46850900 0.32856684
0.20254649 0.46892277 0.32853074
0.20433183 0.46832857 0.32733960
0.18120301 0.45789474 0.36090226
0.18154014 0.46411797 0.35434189
0.20026613 0.46706587 0.33266800
0.20493786 0.47335057 0.32171157
0.20410898 0.46940598 0.32648504
0.17895363 0.45957194 0.36147444
0.20498615 0.47322253 0.32179132
0.20372223 0.47088253 0.32539524
0.15585413 0.44952015 0.39462572
0.24513619 0.48171206 0.27315175
0.15913978 0.45268817 0.38817204
0.20107239 0.46916890 0.32975871
0.19571773 0.46562123 0.33866104
0.17372390 0.45910673 0.36716937
0.20040080 0.46893788 0.33066132
0.18022747 0.45844269 0.36132983
0.18576779 0.45543071 0.35880150
0.17647059 0.45766635 0.36586307
0.20541434 0.46993180 0.32465385
0.16253444 0.45654896 0.38091660
0.16093672 0.45266567 0.38639761
0.20385796 0.46777729 0.32836475
0.20274390 0.46875000 0.32850610
0.20305677 0.46943231 0.32751092
0.20319099 0.46879399 0.32801502
0.18139651 0.46603491 0.35256858
0.16042155 0.45160031 0.38797814
0.21691176 0.46691176 0.31617647
0.20425294 0.46950196 0.32624510
0.20938730 0.47358066 0.31703204
0.23038481 0.47126437 0.29835082
0.20263706 0.46703678 0.33032616
0.21168501 0.46994073 0.31837426
0.19230769 0.45993590 0.34775641
0.20621282 0.46463979 0.32914739
0.20364742 0.46605876 0.33029382
0.18375654 0.46540027 0.35084319
0.20197597 0.47382209 0.32420194
0.20139068 0.46664950 0.33195982
0.19685039 0.46241947 0.34073014
0.19842556 0.46804816 0.33352628
0.21622517 0.47350993 0.31026490
0.20961305 0.47197640 0.31841055
0.21448565 0.46675997 0.31875437
0.20446429 0.46339286 0.33214286
0.20229652 0.47011145 0.32759203
0.20223398 0.46796002 0.32980600
0.20624409 0.46925260 0.32450331
0.21172122 0.47148891 0.31678986
0.19156572 0.46478241 0.34365186
0.22934974 0.47100176 0.29964851
0.21087786 0.47309160 0.31603053
0.15740741 0.45046296 0.39212963
0.19745395 0.46289274 0.33965330
0.24286708 0.47355602 0.28357690
0.19359756 0.46443089 0.34197154
0.22646007 0.46920938 0.30433055
0.19931479 0.46977025 0.33091495
0.20161922 0.46957430 0.32880648
0.20126517 0.47069455 0.32804028
0.19454887 0.46616541 0.33928571
0.20413275 0.46837821 0.32748904
0.16487455 0.45519713 0.37992832
0.18586180 0.46306593 0.35107228
0.19194974 0.46370405 0.34434621
0.20390720 0.46642247 0.32967033
0.17573222 0.46234310 0.36192469
0.21848081 0.47337510 0.30814409
0.21956088 0.47172322 0.30871590
0.20728008 0.47067745 0.32204247
0.19438820 0.46572172 0.33989008
0.20980775 0.47088325 0.31930900
0.20354331 0.46850394 0.32795276
0.21000658 0.47465438 0.31533904
0.23026316 0.47180451 0.29793233
0.19811875 0.46208113 0.33980012
0.20682232 0.47160126 0.32157642
0.17023346 0.45817121 0.37159533
0.19483363 0.46935201 0.33581436
0.20227859 0.46969046 0.32803095
0.22940724 0.47036182 0.30023095
0.20558140 0.46976744 0.32465116
0.20121951 0.46951220 0.32926829
0.20210368 0.47145004 0.32644628
0.19537658 0.46756152 0.33706189
0.23518519 0.47222222 0.29259259
0.20297030 0.46782178 0.32920792
0.20632555 0.47011095 0.32356350
0.15576471 0.44988235 0.39435294
0.19090136 0.46598639 0.34311224
0.19361022 0.45559105 0.35079872
0.20475698 0.46742503 0.32781799
0.16549865 0.45175202 0.38274933
0.18273717 0.46111975 0.35614308
0.21520803 0.47058824 0.31420373
0.20209674 0.46813369 0.32976957
0.20470927 0.46804421 0.32724652
0.20025084 0.46906355 0.33068562
0.20107794 0.47097844 0.32794362
0.17099323 0.45767494 0.37133183
0.16531687 0.45818992 0.37649322
0.17067928 0.45657782 0.37274291
0.17819026 0.45707657 0.36473318
0.17602308 0.45907660 0.36490031
0.20069656 0.46843709 0.33086635
0.17461723 0.46121726 0.36416551
0.16974170 0.46022960 0.37002870
0.22730375 0.47235495 0.30034130
0.16852966 0.45571797 0.37575236
0.18538324 0.45632799 0.35828877
0.20690979 0.47044146 0.32264875
0.22212909 0.46269908 0.31517184
0.20161912 0.46915960 0.32922128
0.17206983 0.45885287 0.36907731
0.20116813 0.46992073 0.32891114
0.19927176 0.46739490 0.33333333
0.20783970 0.46833406 0.32382624
0.19341911 0.46350981 0.34307108
0.20466102 0.46949153 0.32584746
0.18906606 0.46013667 0.35079727
0.20055710 0.47032355 0.32911935
0.20087065 0.46781716 0.33131219
0.20416038 0.46871330 0.32712632
0.20322122 0.46849834 0.32828044
0.19718585 0.46667970 0.33613445
0.18373494 0.45843373 0.35783133
0.19092450 0.45923555 0.34983995
0.22852059 0.47280122 0.29867819
0.20238095 0.46846847 0.32915058
0.20945946 0.46925676 0.32128378
0.21724138 0.47344828 0.30931034
0.17042151 0.45857558 0.37100291
0.23152542 0.46983051 0.29864407
0.19073359 0.45945946 0.34980695
0.20409859 0.46856826 0.32733315
0.16961652 0.45575221 0.37463127
0.21079258 0.47146534 0.31774208
0.20394173 0.46700943 0.32904884
0.20361991 0.46907994 0.32730015
0.20020679 0.47109691 0.32869631
0.19893650 0.46606193 0.33500156
0.19396716 0.46506300 0.34096984
0.21244960 0.47429435 0.31325605
0.20766129 0.46841398 0.32392473
0.20677966 0.46892655 0.32429379
0.23555889 0.47711928 0.28732183
0.21128319 0.46957965 0.31913717
0.19388312 0.46531950 0.34079738
0.19603911 0.46151918 0.34244171
0.20949902 0.47245717 0.31804381
0.21972712 0.47527004 0.30500284
0.21946170 0.47494824 0.30559006
0.15858268 0.45496063 0.38645669
0.17859405 0.45830695 0.36309901
0.23010547 0.46979866 0.30009588
0.19987063 0.46507115 0.33505821
0.23095823 0.46928747 0.29975430
0.20958884 0.47276236 0.31764881
0.20750293 0.47342712 0.31906995
0.20768400 0.47106928 0.32124672
0.16947040 0.45794393 0.37258567
0.20332481 0.46845695 0.32821824
0.20164609 0.46881925 0.32953466
0.20167464 0.47009569 0.32822967
0.19914163 0.46652361 0.33433476
0.20906667 0.47368889 0.31724444
0.20483231 0.46916697 0.32600072
0.20292208 0.46753247 0.32954545
0.19941987 0.46664249 0.33393764
0.16731518 0.45358533 0.37909950
0.19771529 0.46485062 0.33743409
0.18313387 0.46061787 0.35624826
0.15626667 0.45333333 0.39040000
0.20366599 0.46843177 0.32790224
0.21062238 0.46834654 0.32103107
0.20583075 0.47321981 0.32094943
0.19760479 0.46781437 0.33458084
0.19617126 0.45944833 0.34438040
0.16816278 0.45481747 0.37701975
0.20539857 0.47153100 0.32307043
0.20228735 0.46747677 0.33023588
0.19673802 0.46381244 0.33944954
0.18019093 0.45763723 0.36217184
0.21452894 0.47181233 0.31365872
0.20120724 0.46914822 0.32964453
0.17462087 0.45762712 0.36775201
0.19734004 0.46728972 0.33537024
0.21181773 0.47270906 0.31547321
0.20134529 0.46928251 0.32937220
0.20185093 0.46248124 0.33566783
0.15765799 0.45387508 0.38846693
0.20026702 0.46595461 0.33377837
0.20508501 0.47158830 0.32332670
0.20486633 0.46936017 0.32577351
0.20247737 0.46917580 0.32834683
0.20643514 0.47221655 0.32134831
0.23069665 0.47649001 0.29281334
0.20423689 0.47179307 0.32397004
0.19879341 0.46851089 0.33269570
0.20322055 0.46901753 0.32776192
0.20269750 0.46936416 0.32793834
0.20311842 0.46944796 0.32743363
0.17677046 0.46279967 0.36042987
0.21771218 0.47011070 0.31217712
0.19662058 0.46697389 0.33640553
0.16798695 0.45864399 0.37336906
0.20244390 0.47197744 0.32557866
0.20403023 0.46809404 0.32787573
0.20541327 0.47269988 0.32188685
0.19385516 0.46488661 0.34125823
0.19966578 0.47236492 0.32796930
0.20263833 0.47160132 0.32576035
0.20457301 0.47219816 0.32322882
0.20395706 0.46937487 0.32666807
0.20636323 0.47046693 0.32316983
0.20566273 0.46935283 0.32498444
0.20769392 0.47025436 0.32205171
0.20821359 0.47158617 0.32020024
0.20323326 0.46651270 0.33025404
0.16274510 0.45228758 0.38496732
0.17023532 0.45940216 0.37036252
0.20285014 0.46982855 0.32732131
0.18663304 0.46027743 0.35308953
0.16202315 0.45392199 0.38405486
0.20741679 0.47057469 0.32200852
0.20935673 0.47368421 0.31695906
0.20231142 0.47110724 0.32658133
0.20437018 0.46786632 0.32776350
0.23564696 0.47557841 0.28877464
0.20226595 0.46964818 0.32808587
0.20590648 0.46759639 0.32649713
0.19193234 0.46291477 0.34515290
0.20138889 0.46936275 0.32924837
0.21447721 0.46916890 0.31635389
0.20272206 0.47027221 0.32700573
0.20637565 0.47150950 0.32211485
0.20682068 0.47011368 0.32306564
0.20208439 0.47051347 0.32740214
0.18475073 0.45865103 0.35659824
0.20440574 0.46900615 0.32658811
0.20101849 0.46716698 0.33181453
0.20507400 0.46723044 0.32769556
0.19071354 0.46169990 0.34758657
0.16540404 0.45012626 0.38446970
0.20596882 0.47144766 0.32258352
0.20423634 0.46956522 0.32619844
0.21262038 0.47389762 0.31348201
0.21166120 0.47214076 0.31619803
0.20420792 0.47339109 0.32240099
0.20199895 0.46940207 0.32859898
0.18808452 0.46276411 0.34915137
0.20014636 0.46798390 0.33186974
0.20398406 0.46832669 0.32768924
0.20253479 0.47042744 0.32703777
0.20376098 0.47012248 0.32611654
0.20457843 0.46751572 0.32790585
0.21877470 0.47075099 0.31047431
0.20184748 0.46698113 0.33117138
0.19012460 0.46423627 0.34563913
0.19960376 0.46557702 0.33481922
0.20471236 0.47276622 0.32252142
0.20405728 0.46778043 0.32816229
0.19785950 0.46542261 0.33671789
0.18125644 0.45314109 0.36560247
0.24632353 0.47426471 0.27941176
0.19900332 0.46710963 0.33388704
0.20427729 0.46681416 0.32890855
0.16631579 0.45263158 0.38105263
0.19672131 0.46050671 0.34277198
0.16271464 0.45461979 0.38266558
0.17131931 0.45908222 0.36959847
0.20175439 0.46686160 0.33138402
0.21978022 0.46953047 0.31068931
0.17948718 0.46034586 0.36016696
0.19619666 0.46846011 0.33534323
0.23108384 0.47034765 0.29856851
0.20132256 0.46730345 0.33137399
0.16652301 0.45388726 0.37958973
0.15852614 0.45565553 0.38581834
0.22720247 0.46213292 0.31066461
0.20377979 0.46507806 0.33114215
0.16538462 0.45714286 0.37747253
0.19679634 0.46224256 0.34096110
0.21040462 0.47109827 0.31849711
0.20081967 0.46557377 0.33360656
0.20344828 0.46695402 0.32959770
0.19982079 0.46729391 0.33288530
0.20569211 0.46959897 0.32470893
0.20365482 0.46923858 0.32710660
0.20785877 0.46905847 0.32308276
0.20237010 0.46581586 0.33181404
0.20044128 0.46961982 0.32993890
0.22208398 0.47527216 0.30264386
0.19652342 0.46354418 0.33993240
0.20191286 0.46652497 0.33156217
0.19902266 0.46601510 0.33496224
0.16984559 0.45049955 0.37965486
0.17019667 0.45915280 0.37065053
0.20026064 0.46698523 0.33275413
0.20566502 0.46674877 0.32758621
0.20164197 0.46776131 0.33059672
0.20384660 0.46988368 0.32626972
0.19703704 0.46370370 0.33925926
0.20122106 0.46858306 0.33019588
0.20385233 0.46976993 0.32637774
0.19073171 0.45853659 0.35073171
0.21721311 0.47556747 0.30721942
0.18366084 0.46278818 0.35355098
0.19821931 0.46626054 0.33552015
0.20147824 0.46920339 0.32931837
0.20224359 0.46602564 0.33173077
0.20000000 0.46228374 0.33771626
0.20266317 0.47089680 0.32644003
0.20227482 0.46987396 0.32785121
0.19583884 0.46565390 0.33850727
0.20421245 0.46703297 0.32875458
0.21450661 0.47315153 0.31234186
0.19553868 0.46590729 0.33855403
0.16445183 0.45775985 0.37778832
0.20381581 0.47202348 0.32416070
0.19290466 0.46193644 0.34515891
0.20345940 0.46936382 0.32717678
0.19925651 0.46747212 0.33327138
0.22458270 0.46973529 0.30568201
0.20487452 0.46911197 0.32601351
0.21030376 0.47325393 0.31644231
0.17295918 0.45918367 0.36785714
0.20149254 0.46845319 0.33005427
0.19601617 0.46535797 0.33862587
0.20086725 0.46733809 0.33179466
0.19335347 0.46706949 0.33957704
0.19838420 0.45870736 0.34290844
0.15129396 0.44746737 0.40123866
0.20221607 0.46675900 0.33102493
0.20697659 0.47159714 0.32142627
0.20142762 0.46732099 0.33125139
0.20126034 0.46908232 0.32965735
0.20376778 0.46905037 0.32718185
0.19673577 0.46404940 0.33921482
0.19790382 0.46362515 0.33847102
0.20245492 0.46976815 0.32777694
0.21138743 0.47120419 0.31740838
0.21347534 0.47372077 0.31280389
0.20731201 0.46987952 0.32280848
0.19005261 0.46465806 0.34528934
0.16016427 0.45311431 0.38672142
0.20963652 0.47083686 0.31952663
0.18139535 0.45891473 0.35968992
0.20673350 0.46926423 0.32400227
0.16419189 0.45288407 0.38292404
0.21915285 0.47467772 0.30616943
0.20661157 0.46952479 0.32386364
0.20290924 0.47064404 0.32644672
0.17116658 0.45797249 0.37086093
0.22016275 0.47513562 0.30470163
0.21663443 0.46711799 0.31624758
0.20512821 0.46994536 0.32492644
0.19234427 0.46433666 0.34331907
0.20823360 0.46840594 0.32336046
0.17475399 0.45673566 0.36851035
0.20154525 0.46997792 0.32847682
0.20528109 0.46763203 0.32708688
0.19206681 0.46189979 0.34603340
0.19858980 0.47357818 0.32783202
0.18010292 0.46255003 0.35734706
0.17568898 0.45964567 0.36466535
0.20267341 0.46893064 0.32839595
0.17700157 0.45565149 0.36734694
0.20164609 0.46844993 0.32990398
0.19547700 0.46633741 0.33818560
0.20625663 0.46765642 0.32608696
0.19530284 0.46229913 0.34239802
0.20817121 0.47137298 0.32045581
0.20963504 0.47240876 0.31795620
0.19871138 0.47591155 0.32537707
0.20252535 0.47136608 0.32610857
0.19772257 0.46376812 0.33850932
0.20321512 0.46999632 0.32678856
0.19632606 0.46498278 0.33869116
0.20700546 0.47057135 0.32242320
0.20382514 0.46994536 0.32622951
0.20845528 0.46861789 0.32292683
0.20142977 0.47035324 0.32821699
0.22628108 0.46676814 0.30695079
0.20321517 0.46805441 0.32873042
0.20172009 0.46442533 0.33385457
0.20051122 0.46946890 0.33001988
0.20623354 0.47295874 0.32080773
0.20574034 0.46673820 0.32752146
0.20752566 0.46921323 0.32326112
0.16116173 0.45634017 0.38249810
0.22248848 0.47714286 0.30036866
0.21515562 0.46684709 0.31799729
0.21522556 0.47344925 0.31132519
0.20897616 0.47078074 0.32024310
0.21394111 0.47795708 0.30810181
0.16001388 0.45157931 0.38840680
0.20387175 0.47005445 0.32607381
0.20438264 0.46649810 0.32911926
0.20261438 0.46840959 0.32897603
0.21779019 0.46709214 0.31511767
0.20338727 0.47089067 0.32572206
0.20287837 0.46843083 0.32869081
0.18188011 0.45231608 0.36580381
0.18073486 0.46052632 0.35873883
0.20140655 0.46730510 0.33128834
0.18965517 0.46153846 0.34880637
0.17581417 0.46185379 0.36233204
0.18789809 0.46390658 0.34819533
0.21472307 0.47439466 0.31088227
0.17959927 0.46120219 0.35919854
0.20213740 0.46748092 0.33038168
0.20686084 0.47055016 0.32258900
0.19589977 0.46469248 0.33940774
0.20213800 0.46258503 0.33527697
0.20013584 0.47000226 0.32986190
0.19580518 0.46523086 0.33896396
0.20334163 0.46676146 0.32989691
0.20801034 0.46973053 0.32225914
0.19454958 0.46517790 0.34027252
0.20146796 0.47134657 0.32718547
0.20538813 0.47159817 0.32301370
0.21324892 0.47127857 0.31547251
0.17861915 0.46191537 0.35946548
0.21174799 0.47086689 0.31738513
0.18650307 0.46012270 0.35337423
0.19667390 0.46710051 0.33622560
0.21159543 0.47298632 0.31541825
0.18415324 0.46451894 0.35132782
0.19925435 0.46851698 0.33222867
0.20137069 0.46946180 0.32916751
0.18948891 0.45998071 0.35053038
0.20745022 0.46756583 0.32498394
0.20247799 0.46984023 0.32768177
0.16734694 0.45306122 0.37959184
0.18482252 0.46266830 0.35250918
0.19357826 0.46681074 0.33961099
0.19566491 0.46309315 0.34124194
0.21955470 0.47550823 0.30493708
0.20789220 0.46871992 0.32338787
0.18305224 0.45907034 0.35787742
0.17249417 0.45571096 0.37179487
0.20182901 0.47001276 0.32815823
0.19512195 0.46555413 0.33932392
0.20311129 0.46844834 0.32844037
0.19961977 0.46577947 0.33460076
0.21382177 0.46609509 0.32008314
0.21684717 0.47484958 0.30830325
0.20846053 0.47012647 0.32141300
0.19484825 0.46085182 0.34429992
0.16910230 0.45720251 0.37369520
0.18646081 0.45803642 0.35550277
0.17911975 0.46264074 0.35823951
0.21163490 0.47041123 0.31795386
0.20584310 0.46967225 0.32448465
0.20436402 0.46726982 0.32836615
0.20453115 0.46821901 0.32724984
0.19014755 0.46311280 0.34673965
0.17988253 0.46035242 0.35976505
0.20244437 0.47069884 0.32685678
0.19988102 0.46519929 0.33491969
0.20483716 0.46957129 0.32559155
0.20667794 0.46956889 0.32375317
0.23141361 0.47329843 0.29528796
0.17877370 0.46023147 0.36099483
0.20090439 0.46899225 0.33010336
0.20321361 0.46691871 0.32986767
0.19781818 0.46872727 0.33345455
0.23887588 0.47423888 0.28688525
0.20390310 0.46702557 0.32907133
0.19340404 0.46503149 0.34156447
0.18240647 0.45945399 0.35813953
0.20569078 0.46760370 0.32670552
0.19824628 0.46473504 0.33701868
0.21320017 0.47242727 0.31437256
0.20596560 0.47332898 0.32070542
0.20545073 0.47309574 0.32145353
0.17460317 0.46031746 0.36507937
0.21437741 0.47753530 0.30808729
0.20094899 0.46998814 0.32906287
0.18346074 0.45656706 0.35997220
0.20402893 0.46745868 0.32851240
0.19648241 0.46582915 0.33768844
0.17257683 0.45547675 0.37194641
0.19869707 0.46742671 0.33387622
0.20506131 0.46986694 0.32507175
0.20380839 0.46652782 0.32966379
0.19735007 0.46966527 0.33298466
0.20135939 0.46516568 0.33347494
0.18287485 0.45563735 0.36148780
0.22096056 0.46371030 0.31532914
0.20636137 0.46963020 0.32400843
0.16030223 0.45885236 0.38084542
0.20134899 0.47489383 0.32375718
0.20573183 0.46929376 0.32497441
0.18857759 0.46551724 0.34590517
0.20288066 0.46913580 0.32798354
0.20072072 0.46750751 0.33177177
0.19262136 0.45980583 0.34757282
0.20503658 0.47013783 0.32482559
0.20170775 0.46914774 0.32914451
0.16236972 0.44980801 0.38782227
0.21770122 0.47371547 0.30858331
0.19987453 0.46712673 0.33299875
0.19464640 0.46463979 0.34071381
0.16891892 0.45270270 0.37837838
0.20802782 0.47292724 0.31904493
0.21664168 0.47301349 0.31034483
0.24278116 0.47378419 0.28343465
0.19931857 0.46571550 0.33496593
0.15312624 0.45041816 0.39645560
0.20825516 0.47016886 0.32157598
0.20548317 0.46905537 0.32546145
0.19958130 0.46545708 0.33496162
0.20321893 0.47062245 0.32615862
0.17504836 0.45502901 0.36992263
0.20200486 0.46901580 0.32897934
0.20224090 0.46778711 0.32997199
0.20903454 0.47077059 0.32019486
0.20310559 0.46894410 0.32795031
0.20155440 0.46839378 0.33005181
0.20884078 0.47636947 0.31478976
0.18486251 0.46229240 0.35284509
0.20064378 0.46620172 0.33315451
0.20978769 0.47103275 0.31917956
0.17033195 0.45850622 0.37116183
0.20102937 0.46942174 0.32954889
0.19074814 0.46259280 0.34665905
0.20113798 0.46913229 0.32972973
0.20380679 0.47189801 0.32429521
0.20703800 0.47063903 0.32232297
0.20090293 0.46877351 0.33032355
0.17009346 0.45233645 0.37757009
0.20092838 0.47015915 0.32891247
0.19977395 0.46736366 0.33286239
0.20371677 0.46883086 0.32745236
0.20323818 0.47081380 0.32594802
0.16033511 0.45659396 0.38307092
0.20579393 0.46843400 0.32577207
0.20268888 0.46690048 0.33041064
0.19849081 0.46620735 0.33530184
0.20256660 0.46962313 0.32781027
0.21380846 0.46547884 0.32071269
0.18847795 0.45945946 0.35206259
0.20667522 0.46469833 0.32862644
0.19158378 0.46748279 0.34093344
0.20000000 0.46448980 0.33551020
0.19210687 0.46965485 0.33823829
0.18681319 0.46373626 0.34945055
0.20136286 0.46848382 0.33015332
0.20261873 0.46848646 0.32889481
0.19284065 0.46728253 0.33987683
0.20372460 0.46867946 0.32759594
0.20419034 0.47052557 0.32528409
0.17278732 0.46036988 0.36684280
0.20281273 0.46780163 0.32938564
0.17861976 0.45466847 0.36671177
0.17893586 0.45991254 0.36115160
0.20430487 0.46859562 0.32709951
0.20056062 0.47091801 0.32852137
0.20146520 0.46764347 0.33089133
0.19330357 0.47008929 0.33660714
0.20910698 0.47148541 0.31940760
0.20141220 0.47217016 0.32641764
0.17748918 0.45584416 0.36666667
0.20253771 0.46971511 0.32774719
0.20107335 0.46690519 0.33202147
0.16921899 0.45788668 0.37289433
0.20220244 0.47129803 0.32649953
0.20163488 0.46684832 0.33151680
0.20280702 0.46596491 0.33122807
0.21013728 0.47138332 0.31847941
0.17851662 0.45754476 0.36393862
0.20263158 0.46578947 0.33157895
0.20549242 0.46875000 0.32575758
0.19522546 0.45994695 0.34482759
0.21307447 0.46792824 0.31899730
0.20742592 0.47090325 0.32167083
0.18181818 0.45454545 0.36363636
0.20030407 0.46978335 0.32991258
0.15958211 0.45595821 0.38445968
0.19283830 0.46632177 0.34083993
0.21237756 0.47105966 0.31656278
0.20590741 0.46890088 0.32519171
0.20187455 0.46935833 0.32876712
0.20321246 0.46775371 0.32903383
0.18932715 0.46496520 0.34570766
0.20386462 0.47198719 0.32414818
0.16218354 0.45411392 0.38370253
0.20774216 0.47101068 0.32124715
0.21535893 0.46577629 0.31886477
0.20289720 0.46981308 0.32728972
0.20477873 0.46878681 0.32643446
0.20883820 0.47113329 0.32002851
0.21041215 0.46594360 0.32364425
0.20669168 0.46966854 0.32363977
0.19875402 0.47072615 0.33051983
0.21476385 0.47508367 0.31015247
0.20205687 0.46581972 0.33212341
0.16236817 0.45379555 0.38383627
0.20461670 0.46964947 0.32573383
0.16521369 0.45354029 0.38124601
0.19744795 0.46406985 0.33848220
0.20217640 0.46735395 0.33046964
0.20498084 0.46775223 0.32726692
0.20319060 0.46767422 0.32913518
0.20534351 0.46908397 0.32557252
0.20312779 0.47303324 0.32383897
0.17239404 0.45761741 0.36998855
0.19532909 0.45647558 0.34819533
0.20640956 0.47039652 0.32319392
0.18606870 0.46278626 0.35114504
0.16160627 0.45151812 0.38687561
0.19322328 0.46463944 0.34213727
0.19954476 0.46661608 0.33383915
0.17947340 0.45728103 0.36324557
0.16580388 0.46013903 0.37405709
0.20296167 0.46846690 0.32857143
0.18672439 0.46378066 0.34949495
0.20565193 0.47299944 0.32134863
0.18890555 0.46026987 0.35082459
0.20239190 0.46458142 0.33302668
0.18841151 0.46836815 0.34322034
0.20491803 0.46890899 0.32617298
0.21851290 0.46889226 0.31259484
0.20924658 0.46917808 0.32157534
0.20260456 0.47019785 0.32719760
0.20821414 0.47118921 0.32059665
0.22025565 0.47443461 0.30530973
0.20924499 0.46533128 0.32542373
0.20094192 0.47191318 0.32714490
0.20988900 0.46215943 0.32795156
0.20180180 0.47027027 0.32792793
0.20458831 0.46825896 0.32715273
0.20161058 0.46706931 0.33132010
0.20247934 0.46576151 0.33175915
0.20108836 0.46851516 0.33039648
0.21612931 0.47643226 0.30743844
0.20072202 0.45920578 0.34007220
0.19680851 0.46331151 0.33987998
0.15857788 0.45541761 0.38600451
0.20090090 0.46486486 0.33423423
0.20439691 0.46939988 0.32620321
0.21080900 0.47163478 0.31755623
0.19879518 0.46471601 0.33648881
0.20295453 0.47366498 0.32338049
0.20204230 0.46681255 0.33114515
0.17265416 0.45898123 0.36836461
0.19506048 0.46219758 0.34274194
0.20626944 0.47355827 0.32017229
0.19081272 0.46113074 0.34805654
0.19710579 0.46681637 0.33607784
0.15815385 0.45046154 0.39138462
0.19816514 0.46238532 0.33944954
0.16359447 0.45794931 0.37845622
0.21712538 0.47128780 0.31158682
0.19936618 0.46153846 0.33909536
0.20631825 0.47035881 0.32332293
0.18942791 0.46392173 0.34665036
0.21611910 0.47330595 0.31057495
0.20603567 0.47023320 0.32373114
0.19555623 0.47131335 0.33313042
0.16813859 0.45957880 0.37228261
0.17762238 0.46013986 0.36223776
0.19696010 0.46358455 0.33945535
0.19912949 0.46572361 0.33514690
0.20646507 0.47028154 0.32325339
0.14645309 0.44851259 0.40503432
0.20166988 0.46885035 0.32947977
0.20395800 0.47092084 0.32512116
0.17182021 0.45744342 0.37073637
0.17155756 0.46039401 0.36804843
0.20317933 0.46878622 0.32803444
0.20416626 0.46914799 0.32668575
0.20735881 0.46862521 0.32401597
0.20207469 0.47053942 0.32738589
0.20089383 0.47002398 0.32908219
0.21311475 0.46994536 0.31693989
0.19206621 0.46347032 0.34446347
0.17727338 0.46027870 0.36244792
0.19375420 0.46490934 0.34133647
0.22416021 0.47157623 0.30426357
0.18296796 0.45952782 0.35750422
0.19475488 0.46729250 0.33795262
0.20752152 0.47304033 0.31943815
0.21524326 0.47236030 0.31239645
0.20059583 0.46816727 0.33123690
0.20907248 0.46984288 0.32108464
0.20192487 0.46794992 0.33012521
0.20195385 0.47170288 0.32634327
0.20685901 0.46924333 0.32389766
0.16325785 0.45726808 0.37947407
0.17117117 0.45045045 0.37837838
0.19278997 0.45768025 0.34952978
0.20272572 0.46905168 0.32822260
0.19862041 0.46703185 0.33434774
0.19025929 0.46391030 0.34583041
0.20553965 0.47453226 0.31992809
0.16614201 0.45785240 0.37600560
0.20575050 0.46776936 0.32648014
0.19861910 0.46812428 0.33325662
0.18442623 0.45901639 0.35655738
0.21264060 0.47348688 0.31387252
0.15828678 0.45623836 0.38547486
0.20551200 0.46210501 0.33238299
0.19586375 0.46350365 0.34063260
0.20135797 0.47495548 0.32368655
0.21363360 0.47169811 0.31466829
0.20992136 0.47096189 0.31911676
0.20370370 0.46973803 0.32655827
0.20366400 0.46930423 0.32703177
0.16167171 0.45174594 0.38658235
0.17880170 0.46139330 0.35980500
0.20280736 0.47289448 0.32429816
0.20543565 0.46842526 0.32613909
0.20357371 0.46904914 0.32737715
0.18418839 0.46593776 0.34987384
0.16827870 0.45912865 0.37259266
0.20227508 0.47507756 0.32264736
0.19775070 0.46686303 0.33538626
0.21183432 0.47573964 0.31242604
0.19751500 0.46443873 0.33804627
0.21379310 0.47438424 0.31182266
0.20698690 0.47117904 0.32183406
0.20136758 0.47216621 0.32646620
0.20566081 0.47226661 0.32207259
0.20539799 0.46843550 0.32616651
0.20610687 0.46564885 0.32824427
0.20390071 0.46808511 0.32801418
0.20101981 0.47107276 0.32790743
0.21189774 0.47271386 0.31538840
0.20478891 0.46817895 0.32703214
0.20433109 0.46929740 0.32637151
0.20516048 0.46821901 0.32662052
0.21045621 0.46053946 0.32900433
0.20378663 0.46979339 0.32641999
0.20301291 0.46879484 0.32819225
0.19532164 0.46479532 0.33988304
0.20185185 0.46851852 0.32962963
0.19082479 0.46217667 0.34699854
0.19330454 0.46004320 0.34665227
0.20322900 0.46863051 0.32814049
0.20402477 0.46625387 0.32972136
0.20520128 0.46811543 0.32668329
0.20212413 0.46730833 0.33056754
0.18384947 0.46295570 0.35319483
0.21404983 0.47433203 0.31161813
0.20528860 0.46858118 0.32613022
0.20233139 0.46988621 0.32778240
0.18812341 0.46532127 0.34655532
0.18561903 0.46044332 0.35393765
0.15277778 0.44722222 0.40000000
0.17260788 0.45741088 0.36998124
0.20188244 0.47176335 0.32635421
0.17106201 0.45901639 0.36992160
0.20164512 0.46768508 0.33066980
0.20013907 0.46737745 0.33248349
0.20650067 0.47055315 0.32294618
0.20008883 0.46702199 0.33288918
0.20692725 0.46864126 0.32443150
0.20546506 0.46768261 0.32685234
0.19994469 0.46930310 0.33075221
0.20494560 0.46943620 0.32561820
0.16038145 0.45253576 0.38708279
0.20561080 0.46946023 0.32492898
0.19591409 0.46673651 0.33734940
0.18923199 0.46634996 0.34441805
0.20252154 0.47031599 0.32716246
0.20307918 0.46774194 0.32917889
0.16324889 0.45195014 0.38480097
0.17992479 0.45791148 0.36216373
0.20308250 0.46690843 0.33000907
0.20933247 0.46986390 0.32080363
0.20751276 0.47009482 0.32239241
0.21404895 0.47386537 0.31208567
0.20178449 0.47037291 0.32784260
0.20160750 0.46550569 0.33288681
0.20261438 0.46666667 0.33071895
0.21802737 0.47522416 0.30674847
0.21057012 0.47232626 0.31710362
0.20186155 0.46829552 0.32984293
0.20273973 0.46931507 0.32794521
0.19571168 0.46487226 0.33941606
0.19273229 0.46320147 0.34406624
0.19018776 0.46416313 0.34564910
0.20478469 0.46794258 0.32727273
0.20168806 0.47089854 0.32741340
0.20075210 0.46890367 0.33034423
0.17100000 0.45200000 0.37700000
0.20344980 0.46815568 0.32839452
0.20967185 0.47046632 0.31986183
0.21314496 0.47113022 0.31572482
0.18348491 0.46427025 0.35224484
0.19642168 0.46994465 0.33363367
0.20654266 0.47107120 0.32238614
0.19399538 0.46420323 0.34180139
0.22082879 0.47328244 0.30588877
0.20097488 0.46737908 0.33164604
0.20537347 0.46982698 0.32479955
0.20762712 0.47033898 0.32203390
0.20432264 0.47125668 0.32442068
0.16012658 0.45316456 0.38670886
0.20037658 0.47127065 0.32835277
0.17291507 0.45600612 0.37107881
0.20549139 0.46981913 0.32468947
0.17717087 0.45553221 0.36729692
0.20081061 0.46904937 0.33014001
0.19994477 0.47068029 0.32937494
0.21186441 0.46327684 0.32485876
0.20519836 0.46785226 0.32694938
0.20336243 0.46621403 0.33042354
0.20481928 0.47171294 0.32346778
0.22802042 0.47362450 0.29835508
0.18575064 0.45547074 0.35877863
0.21564195 0.47287523 0.31148282
0.19474058 0.46339730 0.34186212
0.19879437 0.46751507 0.33369056
0.20402033 0.46857671 0.32740296
0.21422222 0.47022222 0.31555556
0.20540375 0.47006448 0.32453178
0.19623847 0.46593329 0.33782825
0.20642570 0.46827309 0.32530120
0.20468815 0.46944328 0.32586856
0.20454545 0.47085561 0.32459893
0.20487805 0.46960600 0.32551595
0.16437039 0.45594361 0.37968600
0.20581655 0.46868009 0.32550336
0.18117647 0.45470588 0.36411765
0.21690922 0.47539848 0.30769231
0.15606242 0.45078031 0.39315726
0.20439739 0.46661238 0.32899023
0.16824197 0.45431632 0.37744171
0.17067421 0.45685997 0.37246582
0.20566699 0.47086915 0.32346387
0.19851852 0.46074074 0.34074074
0.18857143 0.46666667 0.34476190
0.20655979 0.47116270 0.32227750
0.18733917 0.46114256 0.35151827
0.17535764 0.45639132 0.36825104
0.21092388 0.46833236 0.32074375
0.20575174 0.47219285 0.32205540
0.20594333 0.46233587 0.33172080
0.20357323 0.46779064 0.32863613
0.20678261 0.47165217 0.32156522
0.20050761 0.46720031 0.33229207
0.18227545 0.46227545 0.35544910
0.15994166 0.45721925 0.38283909
0.16785714 0.45941558 0.37272727
0.16285453 0.45242452 0.38472095
0.22893082 0.47421384 0.29685535
0.17999065 0.46002805 0.35998130
0.20188492 0.46875000 0.32936508
0.21025901 0.46216353 0.32757745
0.20487365 0.46841155 0.32671480
0.22549399 0.47578458 0.29872143
0.17969970 0.46390390 0.35639640
0.20695505 0.46946565 0.32357930
0.19667413 0.46818036 0.33514551
0.16990583 0.45782408 0.37227009
0.18446602 0.45900755 0.35652643
0.16829635 0.45863106 0.37307258
0.20702619 0.47018408 0.32278973
0.20167177 0.47198022 0.32634801
0.20355389 0.47081768 0.32562843
0.19538508 0.46329038 0.34132454
0.20876190 0.46780952 0.32342857
0.19416058 0.46131387 0.34452555
0.20419378 0.47057122 0.32523500
0.20050283 0.46825896 0.33123821
0.20504058 0.47073900 0.32422042
0.18757764 0.45838509 0.35403727
0.19512962 0.46724273 0.33762765
0.18444909 0.45746165 0.35808926
0.19833729 0.46555819 0.33610451
0.20174660 0.46965660 0.32859680
0.19617225 0.46315789 0.34066986
0.20527404 0.46690796 0.32781799
0.19923918 0.46885402 0.33190680
0.20134576 0.46687371 0.33178054
0.16812227 0.45778748 0.37409025
