0.16238344 0.45326359 0.38435297
0.20272769 0.46948682 0.32778548
0.20398010 0.47142337 0.32459653
0.20114259 0.46845989 0.33039752
0.20460456 0.47116414 0.32423130
0.21394047 0.47189010 0.31416942
0.19887955 0.46498599 0.33613445
0.21114917 0.47212706 0.31672376
0.19870816 0.46846741 0.33282443
0.20660377 0.47248428 0.32091195
0.20224374 0.46995543 0.32780083
0.20601972 0.47543012 0.31855016
0.20115207 0.47004608 0.32880184
0.21012531 0.47328321 0.31659148
0.20874400 0.47215904 0.31909696
0.20108696 0.46984990 0.32906315
0.20222377 0.46838082 0.32939541
0.20224504 0.47337619 0.32437878
0.20209581 0.46931138 0.32859281
0.20179509 0.47111020 0.32709470
0.20530565 0.46943483 0.32525952
0.20499244 0.46747352 0.32753404
0.19937141 0.46857065 0.33205794
0.16754994 0.45841826 0.37403180
0.19988610 0.46697039 0.33314351
0.18263736 0.46329670 0.35406593
0.20963855 0.46506024 0.32530120
0.21305115 0.47160494 0.31534392
0.21099821 0.47220562 0.31679617
0.20562500 0.46833333 0.32604167
0.18488024 0.45883234 0.35628743
0.20654810 0.46988682 0.32356508
0.20362976 0.46950998 0.32686025
0.20386375 0.46924250 0.32689375
0.19119130 0.46127984 0.34752886
0.20357467 0.47106937 0.32535595
0.19838126 0.46082314 0.34079559
0.20738988 0.47178101 0.32082911
0.20113738 0.47051781 0.32834481
0.20238437 0.47069808 0.32691755
0.16677169 0.45452636 0.37870195
0.19591141 0.45400341 0.35008518
0.20506400 0.46939343 0.32554257
0.19956444 0.46584835 0.33458721
0.17142857 0.45793651 0.37063492
0.20079107 0.46975337 0.32945556
0.19905930 0.46951117 0.33142953
0.20438596 0.46842105 0.32719298
0.20170597 0.46797123 0.33032280
0.19976053 0.47096388 0.32927559
0.17545710 0.45815752 0.36638537
0.16362696 0.45220541 0.38416764
0.19896595 0.46817615 0.33285791
0.18720413 0.46471095 0.34808492
0.17827420 0.45816908 0.36355672
0.20374707 0.46771495 0.32853797
0.19904159 0.47022078 0.33073763
0.20271235 0.46776112 0.32952653
0.20875241 0.47164562 0.31960197
0.19637053 0.46505959 0.33856988
0.21732365 0.47147303 0.31120332
0.19707082 0.46811272 0.33481646
0.26798561 0.47661871 0.25539568
0.19084854 0.46413747 0.34501400
0.20892857 0.47227891 0.31879252
0.19766265 0.46673415 0.33560320
0.20874089 0.47211238 0.31914672
0.20953576 0.46863237 0.32183187
0.23960880 0.47677262 0.28361858
0.19843103 0.46982385 0.33174512
0.20063694 0.46560510 0.33375796
0.20664528 0.47294578 0.32040894
0.19650173 0.46848408 0.33501418
0.18442854 0.46262474 0.35294671
0.20350519 0.46894674 0.32754807
0.20669456 0.46945607 0.32384937
0.20075758 0.46797521 0.33126722
0.20387297 0.46568552 0.33044152
0.20778026 0.47102116 0.32119858
0.20280112 0.46890756 0.32829132
0.20907784 0.47073321 0.32018895
0.22267853 0.47581565 0.30150582
0.21398588 0.47765322 0.30836091
0.20512821 0.47020845 0.32466335
0.20216676 0.46817566 0.32965757
0.19979173 0.46742041 0.33278786
0.22085890 0.47529868 0.30384243
0.18361994 0.46196444 0.35441562
0.20366599 0.46741344 0.32892057
0.20626478 0.46985816 0.32387707
0.17412175 0.45865154 0.36722671
0.20400684 0.47178109 0.32421207
0.20216757 0.46936223 0.32847020
0.20466321 0.46632124 0.32901554
0.20011451 0.46736330 0.33252219
0.19961334 0.46959884 0.33078782
0.21026131 0.47512805 0.31461064
0.22609423 0.47477000 0.29913577
0.22880854 0.47065797 0.30053349
0.18797327 0.46102450 0.35100223
0.19010608 0.46686272 0.34303119
0.19717405 0.46563905 0.33718690
0.25485932 0.47546554 0.26967514
0.19249311 0.47141873 0.33608815
0.21008075 0.47212816 0.31779109
0.20614035 0.46798246 0.32587719
0.20795548 0.47217642 0.31986810
0.20579043 0.47096562 0.32324395
0.18440333 0.46020117 0.35539550
0.21108704 0.47128927 0.31762369
0.16913397 0.45558845 0.37527757
0.20617696 0.46744574 0.32637730
0.20167576 0.47057677 0.32774747
0.20201702 0.46643555 0.33154743
0.21844127 0.47420417 0.30735456
0.20246757 0.46947169 0.32806074
0.17151024 0.45593140 0.37255836
0.22134477 0.46750903 0.31114621
0.20959264 0.47043364 0.31997372
0.20178460 0.47072636 0.32748904
0.20078373 0.46930397 0.32991230
0.20751897 0.47324929 0.31923175
0.21378899 0.47466720 0.31154381
0.21654501 0.47445255 0.30900243
0.20508348 0.47121854 0.32369798
0.17938125 0.46341687 0.35720187
0.20614732 0.47164812 0.32220456
0.21313257 0.47485253 0.31201490
0.16222791 0.45685019 0.38092190
0.20414730 0.46996782 0.32588488
0.20485686 0.47087000 0.32427314
0.19568213 0.46531925 0.33899862
0.20258040 0.46986328 0.32755633
0.20297177 0.46745914 0.32956909
0.21612011 0.47096009 0.31291979
0.20336269 0.46917534 0.32746197
0.20031285 0.47032241 0.32936473
0.16699801 0.45460570 0.37839629
0.20333988 0.47304082 0.32361930
0.20180723 0.46927711 0.32891566
0.20101597 0.46976294 0.32922109
0.20344758 0.47003407 0.32651834
0.20213379 0.46900231 0.32886390
0.19462996 0.46572168 0.33964836
0.15604909 0.45061368 0.39333723
0.20559572 0.47060673 0.32379755
0.20639417 0.47106435 0.32254148
0.19140287 0.46998789 0.33860924
0.16144068 0.45296610 0.38559322
0.20360000 0.46880000 0.32760000
0.21075372 0.47311570 0.31613058
0.20378151 0.46638655 0.32983193
0.21065352 0.47283449 0.31651199
0.20233625 0.46933667 0.32832708
0.20723104 0.47001764 0.32275132
0.20289855 0.46681922 0.33028223
0.21970624 0.46878825 0.31150551
0.16350148 0.45074184 0.38575668
0.18380241 0.46027187 0.35592571
0.20645351 0.47018439 0.32336210
0.20598911 0.46733212 0.32667877
0.20886076 0.47081575 0.32032349
0.21109011 0.47006931 0.31884058
0.20628183 0.46972269 0.32399547
0.18005716 0.46046364 0.35947920
0.20381956 0.46888377 0.32729667
0.18359917 0.45977809 0.35662275
0.19576097 0.46438034 0.33985870
0.21136310 0.47112462 0.31751227
0.20614859 0.47087959 0.32297182
0.20223923 0.46981293 0.32794785
0.17611160 0.45684394 0.36704446
0.20756235 0.47023331 0.32220434
0.19896641 0.46511628 0.33591731
0.20057102 0.46930764 0.33012134
0.20294229 0.46850245 0.32855526
0.20490620 0.47041847 0.32467532
0.16627451 0.45411765 0.37960784
0.21578266 0.47322122 0.31099612
0.20438871 0.47084639 0.32476489
0.21302817 0.47036385 0.31660798
0.20345918 0.46884880 0.32769202
0.21530383 0.47261815 0.31207802
0.20233165 0.46955054 0.32811781
0.19906929 0.46716649 0.33376422
0.21236873 0.47530144 0.31232983
0.20364912 0.47235088 0.32400000
0.18329596 0.46020179 0.35650224
0.20333506 0.47008251 0.32658242
0.17303592 0.46022634 0.36673774
0.20847419 0.47058824 0.32093757
0.20753407 0.47480726 0.31765866
0.20460779 0.46937283 0.32601938
0.21401435 0.47277332 0.31321233
0.20126147 0.46731651 0.33142202
0.18780971 0.46283449 0.34935580
0.17561521 0.45973154 0.36465324
0.20218295 0.47167360 0.32614345
0.18955224 0.46343284 0.34701493
0.20951687 0.47293032 0.31755280
0.19804287 0.46644921 0.33550792
0.19462600 0.46647301 0.33890099
0.20171318 0.46587455 0.33241227
0.18979786 0.46438746 0.34581468
0.20320078 0.46880052 0.32799871
0.20512821 0.46757164 0.32730015
0.18756128 0.46351030 0.34892842
0.20585233 0.47277986 0.32136781
0.20231868 0.47038032 0.32730100
0.16626127 0.45843468 0.37530405
0.20285005 0.47122962 0.32592033
0.18628617 0.46531906 0.34839477
0.20443227 0.46987052 0.32569721
0.21318822 0.47285531 0.31395647
0.22407504 0.47767935 0.29824561
0.18477419 0.46193548 0.35329032
0.20198511 0.46923077 0.32878412
0.16282421 0.45734870 0.37982709
0.19671280 0.46557093 0.33771626
0.19137056 0.46598985 0.34263959
0.17569243 0.45907400 0.36523357
0.18210238 0.46307151 0.35482610
0.20381345 0.47023963 0.32594692
0.17016492 0.45802099 0.37181409
0.19145049 0.46218487 0.34636463
0.23850144 0.47446686 0.28703170
0.20878287 0.47243763 0.31877950
0.20415369 0.46915888 0.32668744
0.21183379 0.46928636 0.31887986
0.20718954 0.47058824 0.32222222
0.21493350 0.47934547 0.30572102
0.20600858 0.46932593 0.32466549
0.20331126 0.46865342 0.32803532
0.20008074 0.47089221 0.32902705
0.19642857 0.46597490 0.33759653
0.20317744 0.47313198 0.32369058
0.20529801 0.46915301 0.32554897
0.21904762 0.47333333 0.30761905
0.15956151 0.45066991 0.38976857
0.21693122 0.47442681 0.30864198
0.16944938 0.45470693 0.37584369
0.20256184 0.46969965 0.32773852
0.20313344 0.47109670 0.32576985
0.20431115 0.46672915 0.32895970
0.20212192 0.47014925 0.32772883
0.18011027 0.45844395 0.36144578
0.20582458 0.47160304 0.32257238
0.20088925 0.46685530 0.33225546
0.20210754 0.46582005 0.33207241
0.18393004 0.46242143 0.35364854
0.20839350 0.47265343 0.31895307
0.19864751 0.46703297 0.33431953
0.17899250 0.45819936 0.36280815
0.22004411 0.47635383 0.30360206
0.20114793 0.46843204 0.33042004
0.20999372 0.47513335 0.31487292
0.18150289 0.45433526 0.36416185
0.20978628 0.47075366 0.31946007
0.20592334 0.46898955 0.32508711
0.18883819 0.46560197 0.34555985
0.20032733 0.46775777 0.33191489
0.20595745 0.47182979 0.32221277
0.19959103 0.47106209 0.32934688
0.20301550 0.46973880 0.32724570
0.20265549 0.46960168 0.32774284
0.19760479 0.46506986 0.33732535
0.19789579 0.47110888 0.33099532
0.20104819 0.46862717 0.33032465
0.18375870 0.46264501 0.35359629
0.21128130 0.47568685 0.31303185
0.20634038 0.46829811 0.32536151
0.20298710 0.46894094 0.32807196
0.19977169 0.46518265 0.33504566
0.15377616 0.44828632 0.39793752
0.19774011 0.47215496 0.33010492
0.20510133 0.46750524 0.32739343
0.20530499 0.46997989 0.32471512
0.20487641 0.47260011 0.32252347
0.20068687 0.46946394 0.32984919
0.20614985 0.47055002 0.32330013
0.19140872 0.46462413 0.34396715
0.20157631 0.46835443 0.33006926
0.21623489 0.47219344 0.31157168
0.22612827 0.46413302 0.30973872
0.20819228 0.47291808 0.31888964
0.20218462 0.46947955 0.32833583
0.20158103 0.46739130 0.33102767
0.20000000 0.46666667 0.33333333
0.20254958 0.46671388 0.33073654
0.20668441 0.47441585 0.31889973
0.18829690 0.46038251 0.35132058
0.20016474 0.46952224 0.33031301
0.19841270 0.46603175 0.33555556
0.20235849 0.46957547 0.32806604
0.20063358 0.47096093 0.32840549
0.24453360 0.47562688 0.27983952
0.20000000 0.46626506 0.33373494
0.17979868 0.45609163 0.36410968
0.17233888 0.44967415 0.37798697
0.19844180 0.46471127 0.33684693
0.19349845 0.46857585 0.33792570
0.19712352 0.46531303 0.33756345
0.18035883 0.46270066 0.35694051
0.20200975 0.46970593 0.32828432
0.19565217 0.46245059 0.34189723
0.19427148 0.46948941 0.33623910
0.20533446 0.47092859 0.32373695
0.16840909 0.45886364 0.37272727
0.18028534 0.45698227 0.36273238
0.21542700 0.47382920 0.31074380
0.19547989 0.46874083 0.33577928
0.20447050 0.46866984 0.32685966
0.21378446 0.47343358 0.31278195
0.20691475 0.46951702 0.32356822
0.20275229 0.46605505 0.33119266
0.19861432 0.46546294 0.33592274
0.22369801 0.47326110 0.30304089
0.20271171 0.46988220 0.32740609
0.20311098 0.46754412 0.32934490
0.15812939 0.45389869 0.38797192
0.16660960 0.45805410 0.37533630
0.20388350 0.46828479 0.32783172
0.19214753 0.46638905 0.34146341
0.16026490 0.45474614 0.38498896
0.19280922 0.46550196 0.34168882
0.20067404 0.46809290 0.33123306
0.20431528 0.46851607 0.32716865
0.18388246 0.45948353 0.35663402
0.18484090 0.45942081 0.35573829
0.20292416 0.46850900 0.32856684
0.20004933 0.46978293 0.33016774
0.20433183 0.46832857 0.32733960
0.18120301 0.45789474 0.36090226
0.18154014 0.46411797 0.35434189
0.19065126 0.46218487 0.34716387
0.20493786 0.47335057 0.32171157
0.20410898 0.46940598 0.32648504
0.21062475 0.47674889 0.31262636
0.20741269 0.46935139 0.32323592
0.20366826 0.46953748 0.32679426
0.15585413 0.44952015 0.39462572
0.21984027 0.47540984 0.30474989
0.18418418 0.46479813 0.35101768
0.20107239 0.46916890 0.32975871
0.19571773 0.46562123 0.33866104
0.17372390 0.45910673 0.36716937
0.19589754 0.46609088 0.33801158
0.18022747 0.45844269 0.36132983
0.20060790 0.45896657 0.34042553
0.17647059 0.45766635 0.36586307
0.20541434 0.46993180 0.32465385
0.19537214 0.46875000 0.33587786
0.16093672 0.45266567 0.38639761
0.21010884 0.47149972 0.31839144
0.20124224 0.46832298 0.33043478
0.20305677 0.46943231 0.32751092
0.20319099 0.46879399 0.32801502
0.18139651 0.46603491 0.35256858
0.16042155 0.45160031 0.38797814
0.20405797 0.46782609 0.32811594
0.20425294 0.46950196 0.32624510
0.20678033 0.47045995 0.32275971
0.23038481 0.47126437 0.29835082
0.20263706 0.46703678 0.33032616
0.21168501 0.46994073 0.31837426
0.21081831 0.47087379 0.31830791
0.20621282 0.46463979 0.32914739
0.20239880 0.46551724 0.33208396
0.18375654 0.46540027 0.35084319
0.20197597 0.47382209 0.32420194
0.19901605 0.46690875 0.33407520
0.19685039 0.46241947 0.34073014
0.19842556 0.46804816 0.33352628
0.21622517 0.47350993 0.31026490
0.20961305 0.47197640 0.31841055
0.21448565 0.46675997 0.31875437
0.21059349 0.46841098 0.32099553
0.20068527 0.46916300 0.33015174
0.20171674 0.46738197 0.33090129
0.20624409 0.46925260 0.32450331
0.21172122 0.47148891 0.31678986
0.20063694 0.47098372 0.32837933
0.21282923 0.46771453 0.31945624
0.21665090 0.47114475 0.31220435
0.17853510 0.46083418 0.36063072
0.19745395 0.46289274 0.33965330
0.24286708 0.47355602 0.28357690
0.19359756 0.46443089 0.34197154
0.22646007 0.46920938 0.30433055
0.19931479 0.46977025 0.33091495
0.20161922 0.46957430 0.32880648
0.20126517 0.47069455 0.32804028
0.19454887 0.46616541 0.33928571
0.20199275 0.46829710 0.32971014
0.16487455 0.45519713 0.37992832
0.18586180 0.46306593 0.35107228
0.20141439 0.47028424 0.32830137
0.20390720 0.46642247 0.32967033
0.17573222 0.46234310 0.36192469
0.20372807 0.46907895 0.32719298
0.21956088 0.47172322 0.30871590
0.20728008 0.47067745 0.32204247
0.19438820 0.46572172 0.33989008
0.20980775 0.47088325 0.31930900
0.20558837 0.46955929 0.32485234
0.21174004 0.47085954 0.31740042
0.20614079 0.47156853 0.32229068
0.22273188 0.47935903 0.29790910
0.20682232 0.47160126 0.32157642
0.17023346 0.45817121 0.37159533
0.20554403 0.47180841 0.32264756
0.20227859 0.46969046 0.32803095
0.22940724 0.47036182 0.30023095
0.20558140 0.46976744 0.32465116
0.20121951 0.46951220 0.32926829
0.20178950 0.46974335 0.32846715
0.19537658 0.46756152 0.33706189
0.20943135 0.46948682 0.32108183
0.20682819 0.47004405 0.32312775
0.20632555 0.47011095 0.32356350
0.15576471 0.44988235 0.39435294
0.19090136 0.46598639 0.34311224
0.17099407 0.45511869 0.37388724
0.20475698 0.46742503 0.32781799
0.17926933 0.45766072 0.36306995
0.16529146 0.45302103 0.38168752
0.20576816 0.46866334 0.32556850
0.20209674 0.46813369 0.32976957
0.20313813 0.46763799 0.32922387
0.20025084 0.46906355 0.33068562
0.20061118 0.46827251 0.33111630
0.16150870 0.45228885 0.38620245
0.16531687 0.45818992 0.37649322
0.17067928 0.45657782 0.37274291
0.18506169 0.46548850 0.34944982
0.18962848 0.46439628 0.34597523
0.20069656 0.46843709 0.33086635
0.19839712 0.46647040 0.33513248
0.19322245 0.46510182 0.34167573
0.22730375 0.47235495 0.30034130
0.23324651 0.47667535 0.29007814
0.18538324 0.45632799 0.35828877
0.20690979 0.47044146 0.32264875
0.22212909 0.46269908 0.31517184
0.20161912 0.46915960 0.32922128
0.17206983 0.45885287 0.36907731
0.20116813 0.46992073 0.32891114
0.19927176 0.46739490 0.33333333
0.21177968 0.47302205 0.31519826
0.20518111 0.46928015 0.32553874
0.20466102 0.46949153 0.32584746
0.21124576 0.47212797 0.31662627
0.20055710 0.47032355 0.32911935
0.20087065 0.46781716 0.33131219
0.20416038 0.46871330 0.32712632
0.20322122 0.46849834 0.32828044
0.19718585 0.46667970 0.33613445
0.18373494 0.45843373 0.35783133
0.19092450 0.45923555 0.34983995
0.22852059 0.47280122 0.29867819
0.20034247 0.46893346 0.33072407
0.20194384 0.46679266 0.33126350
0.21724138 0.47344828 0.30931034
0.17025684 0.45857498 0.37116819
0.23152542 0.46983051 0.29864407
0.19073359 0.45945946 0.34980695
0.20409859 0.46856826 0.32733315
0.23393316 0.47146530 0.29460154
0.21079258 0.47146534 0.31774208
0.20394173 0.46700943 0.32904884
0.20296408 0.46922884 0.32780708
0.20020679 0.47109691 0.32869631
0.20283245 0.46927508 0.32789246
0.20979316 0.47150696 0.31869987
0.21244960 0.47429435 0.31325605
0.20766129 0.46841398 0.32392473
0.21699717 0.47478754 0.30821530
0.23555889 0.47711928 0.28732183
0.21128319 0.46957965 0.31913717
0.19388312 0.46531950 0.34079738
0.20921771 0.46937538 0.32140691
0.20949902 0.47245717 0.31804381
0.21972712 0.47527004 0.30500284
0.21395881 0.47292143 0.31311976
0.16860227 0.45771280 0.37368493
0.17859405 0.45830695 0.36309901
0.23010547 0.46979866 0.30009588
0.19987063 0.46507115 0.33505821
0.21416382 0.47013652 0.31569966
0.20958884 0.47276236 0.31764881
0.20750293 0.47342712 0.31906995
0.20768400 0.47106928 0.32124672
0.16947040 0.45794393 0.37258567
0.20332481 0.46845695 0.32821824
0.20164609 0.46881925 0.32953466
0.20167464 0.47009569 0.32822967
0.19892266 0.46633321 0.33474413
0.19899444 0.46881891 0.33218665
0.20274709 0.46999104 0.32726187
0.20292208 0.46753247 0.32954545
0.20800652 0.47254762 0.31944586
0.16731518 0.45358533 0.37909950
0.21122577 0.47373358 0.31504065
0.19546599 0.46935348 0.33518052
0.18183892 0.46383755 0.35432352
0.20366599 0.46843177 0.32790224
0.21062238 0.46834654 0.32103107
0.20583075 0.47321981 0.32094943
0.19760479 0.46781437 0.33458084
0.18092932 0.45832945 0.36074122
0.16816278 0.45481747 0.37701975
0.20856507 0.47024472 0.32119021
0.20228735 0.46747677 0.33023588
0.19673802 0.46381244 0.33944954
0.17980022 0.45726970 0.36293008
0.21452894 0.47181233 0.31365872
0.20120724 0.46914822 0.32964453
0.17462087 0.45762712 0.36775201
0.23274854 0.47017544 0.29707602
0.21181773 0.47270906 0.31547321
0.20134529 0.46928251 0.32937220
0.20204830 0.46744215 0.33050955
0.15765799 0.45387508 0.38846693
0.20026702 0.46595461 0.33377837
0.20508501 0.47158830 0.32332670
0.19794060 0.46668369 0.33537571
0.20247737 0.46917580 0.32834683
0.21362799 0.47476980 0.31160221
0.23069665 0.47649001 0.29281334
0.20423689 0.47179307 0.32397004
0.15752919 0.45500222 0.38746860
0.20399037 0.46904025 0.32696938
0.20269750 0.46936416 0.32793834
0.20311842 0.46944796 0.32743363
0.18378209 0.46258610 0.35363181
0.22021116 0.47259930 0.30718954
0.20896314 0.47308406 0.31795280
0.16798695 0.45864399 0.37336906
0.20244390 0.47197744 0.32557866
0.20403023 0.46809404 0.32787573
0.20541327 0.47269988 0.32188685
0.20432017 0.47003995 0.32563989
0.19966578 0.47236492 0.32796930
0.20159752 0.47043395 0.32796853
0.19964332 0.47002873 0.33032795
0.20395706 0.46937487 0.32666807
0.20636323 0.47046693 0.32316983
0.20566273 0.46935283 0.32498444
0.20941638 0.47081903 0.31976459
0.20821359 0.47158617 0.32020024
0.20323326 0.46651270 0.33025404
0.18244514 0.46144201 0.35611285
0.17023532 0.45940216 0.37036252
0.20285014 0.46982855 0.32732131
0.18065548 0.45723421 0.36211031
0.20127944 0.47478212 0.32393844
0.20741679 0.47057469 0.32200852
0.20935673 0.47368421 0.31695906
0.20231142 0.47110724 0.32658133
0.20481928 0.46787149 0.32730924
0.23564696 0.47557841 0.28877464
0.20226595 0.46964818 0.32808587
0.20227457 0.46709992 0.33062551
0.19193234 0.46291477 0.34515290
0.20138889 0.46936275 0.32924837
0.21875000 0.47355769 0.30769231
0.20272206 0.47027221 0.32700573
0.20637565 0.47150950 0.32211485
0.20682068 0.47011368 0.32306564
0.19955207 0.46898096 0.33146697
0.18230769 0.46076923 0.35692308
0.20272769 0.46925566 0.32801664
0.20101849 0.46716698 0.33181453
0.21029389 0.47160043 0.31810568
0.19071354 0.46169990 0.34758657
0.18913418 0.46469391 0.34617191
0.20596882 0.47144766 0.32258352
0.20423634 0.46956522 0.32619844
0.21262038 0.47389762 0.31348201
0.21166120 0.47214076 0.31619803
0.20420792 0.47339109 0.32240099
0.20199895 0.46940207 0.32859898
0.20546118 0.47220493 0.32233390
0.20120321 0.46791444 0.33088235
0.20398406 0.46832669 0.32768924
0.20253479 0.47042744 0.32703777
0.20376098 0.47012248 0.32611654
0.20457843 0.46751572 0.32790585
0.20739355 0.46902850 0.32357795
0.20184748 0.46698113 0.33117138
0.19012460 0.46423627 0.34563913
0.19960376 0.46557702 0.33481922
0.20471236 0.47276622 0.32252142
0.20405728 0.46778043 0.32816229
0.19785950 0.46542261 0.33671789
0.18125644 0.45314109 0.36560247
0.24632353 0.47426471 0.27941176
0.19900332 0.46710963 0.33388704
0.20596672 0.46930579 0.32472748
0.16631579 0.45263158 0.38105263
0.19489173 0.46696280 0.33814547
0.19489559 0.46403712 0.34106729
0.17131931 0.45908222 0.36959847
0.21705138 0.47431124 0.30863738
0.21784777 0.47112861 0.31102362
0.18584953 0.46188341 0.35226707
0.19619666 0.46846011 0.33534323
0.23108384 0.47034765 0.29856851
0.18187067 0.46016166 0.35796767
0.16333862 0.45500877 0.38165260
0.15852614 0.45565553 0.38581834
0.22720247 0.46213292 0.31066461
0.20555801 0.47176886 0.32267314
0.18786892 0.46244657 0.34968451
0.21448806 0.47308782 0.31242412
0.20595099 0.46966161 0.32438740
0.20081967 0.46557377 0.33360656
0.20344828 0.46695402 0.32959770
0.19982079 0.46729391 0.33288530
0.20569211 0.46959897 0.32470893
0.20365482 0.46923858 0.32710660
0.20785877 0.46905847 0.32308276
0.20237010 0.46581586 0.33181404
0.20044128 0.46961982 0.32993890
0.22208398 0.47527216 0.30264386
0.20593580 0.46981627 0.32424793
0.20338983 0.46654773 0.33006244
0.19902266 0.46601510 0.33496224
0.16984559 0.45049955 0.37965486
0.17019667 0.45915280 0.37065053
0.20026064 0.46698523 0.33275413
0.20566502 0.46674877 0.32758621
0.20164197 0.46776131 0.33059672
0.20384660 0.46988368 0.32626972
0.19703704 0.46370370 0.33925926
0.20122106 0.46858306 0.33019588
0.20233010 0.46912621 0.32854369
0.17777456 0.45711388 0.36511156
0.21721311 0.47556747 0.30721942
0.18366084 0.46278818 0.35355098
0.19377510 0.46546185 0.34076305
0.20101523 0.46862944 0.33035533
0.20986193 0.47192636 0.31821170
0.20000000 0.46228374 0.33771626
0.20266317 0.47089680 0.32644003
0.20227482 0.46987396 0.32785121
0.19583884 0.46565390 0.33850727
0.20421245 0.46703297 0.32875458
0.21036889 0.47245763 0.31717348
0.19553868 0.46590729 0.33855403
0.20828736 0.47100650 0.32070614
0.20108018 0.47057194 0.32834787
0.19290466 0.46193644 0.34515891
0.20345940 0.46936382 0.32717678
0.19925651 0.46747212 0.33327138
0.22458270 0.46973529 0.30568201
0.20487452 0.46911197 0.32601351
0.21030376 0.47325393 0.31644231
0.17295918 0.45918367 0.36785714
0.20060606 0.46787879 0.33151515
0.19601617 0.46535797 0.33862587
0.20086725 0.46733809 0.33179466
0.19335347 0.46706949 0.33957704
0.18953603 0.45705824 0.35340573
0.15129396 0.44746737 0.40123866
0.20807453 0.46816770 0.32375776
0.20697659 0.47159714 0.32142627
0.19748306 0.46570854 0.33680840
0.20175439 0.46751137 0.33073424
0.20376778 0.46905037 0.32718185
0.19673577 0.46404940 0.33921482
0.20620121 0.47289679 0.32090199
0.20245492 0.46976815 0.32777694
0.20918114 0.47146402 0.31935484
0.21507572 0.47473201 0.31019227
0.20731201 0.46987952 0.32280848
0.17363469 0.45775536 0.36860995
0.17269247 0.45937899 0.36792854
0.21577218 0.47480832 0.30941950
0.18923849 0.46283630 0.34792522
0.20673350 0.46926423 0.32400227
0.16419189 0.45288407 0.38292404
0.21915285 0.47467772 0.30616943
0.20661157 0.46952479 0.32386364
0.20290924 0.47064404 0.32644672
0.17116658 0.45797249 0.37086093
0.21837456 0.47420495 0.30742049
0.22283610 0.47206875 0.30509515
0.20262035 0.46983547 0.32754418
0.19234427 0.46433666 0.34331907
0.20637697 0.47154581 0.32207722
0.18565401 0.46202532 0.35232068
0.20154525 0.46997792 0.32847682
0.20528109 0.46763203 0.32708688
0.21642764 0.47435897 0.30921339
0.19858980 0.47357818 0.32783202
0.18010292 0.46255003 0.35734706
0.17568898 0.45964567 0.36466535
0.20267341 0.46893064 0.32839595
0.19786420 0.46705622 0.33507959
0.20140928 0.46799765 0.33059307
0.19547700 0.46633741 0.33818560
0.20625663 0.46765642 0.32608696
0.21012101 0.47139714 0.31848185
0.20817121 0.47137298 0.32045581
0.20963504 0.47240876 0.31795620
0.19871138 0.47591155 0.32537707
0.20252535 0.47136608 0.32610857
0.19681275 0.46374502 0.33944223
0.20321512 0.46999632 0.32678856
0.21472663 0.47442681 0.31084656
0.20870189 0.47047574 0.32082238
0.20290557 0.46924939 0.32784504
0.21075237 0.47186019 0.31738744
0.20142977 0.47035324 0.32821699
0.22628108 0.46676814 0.30695079
0.20321517 0.46805441 0.32873042
0.20172009 0.46442533 0.33385457
0.20064725 0.46903991 0.33031284
0.20623354 0.47295874 0.32080773
0.20459016 0.46950820 0.32590164
0.20752566 0.46921323 0.32326112
0.19835294 0.46423529 0.33741176
0.22248848 0.47714286 0.30036866
0.21515562 0.46684709 0.31799729
0.21144279 0.47217040 0.31638682
0.21249360 0.47158218 0.31592422
0.21394111 0.47795708 0.30810181
0.19106317 0.46733436 0.34160247
0.20387175 0.47005445 0.32607381
0.20269403 0.46760744 0.32969852
0.21683068 0.47472005 0.30844927
0.21779019 0.46709214 0.31511767
0.19942684 0.47024612 0.33032704
0.20287837 0.46843083 0.32869081
0.18302207 0.46315789 0.35382003
0.17060407 0.45723684 0.37215909
0.20214965 0.46858206 0.32926829
0.19020822 0.46314012 0.34665166
0.17581417 0.46185379 0.36233204
0.18789809 0.46390658 0.34819533
0.21472307 0.47439466 0.31088227
0.17959927 0.46120219 0.35919854
0.20224719 0.46808989 0.32966292
0.20686084 0.47055016 0.32258900
0.20490064 0.47192746 0.32317191
0.20213800 0.46258503 0.33527697
0.20013584 0.47000226 0.32986190
0.19580518 0.46523086 0.33896396
0.20334163 0.46676146 0.32989691
0.20801034 0.46973053 0.32225914
0.20895737 0.47191820 0.31912442
0.20146796 0.47134657 0.32718547
0.20538813 0.47159817 0.32301370
0.21324892 0.47127857 0.31547251
0.17686659 0.46022032 0.36291310
0.21407720 0.47259163 0.31333117
0.22851563 0.47005208 0.30143229
0.18946396 0.46358595 0.34695009
0.20634137 0.47036744 0.32329119
0.18415324 0.46451894 0.35132782
0.20450136 0.46953822 0.32596042
0.20137069 0.46946180 0.32916751
0.20967301 0.47299390 0.31733309
0.21121315 0.47220880 0.31657806
0.19973545 0.46851852 0.33174603
0.16734694 0.45306122 0.37959184
0.18482252 0.46266830 0.35250918
0.20052957 0.47043248 0.32903795
0.19566491 0.46309315 0.34124194
0.21562607 0.47355851 0.31081542
0.20009095 0.46612096 0.33378809
0.18305224 0.45907034 0.35787742
0.19572292 0.46768945 0.33658763
0.20182901 0.47001276 0.32815823
0.19512195 0.46555413 0.33932392
0.20311129 0.46844834 0.32844037
0.20749710 0.47238348 0.32011942
0.21382177 0.46609509 0.32008314
0.21684717 0.47484958 0.30830325
0.20846053 0.47012647 0.32141300
0.19173942 0.46423774 0.34402283
0.21528949 0.46599213 0.31871838
0.18646081 0.45803642 0.35550277
0.17911975 0.46264074 0.35823951
0.20324427 0.46851145 0.32824427
0.21722963 0.47474434 0.30802603
0.20847458 0.47033898 0.32118644
0.20452311 0.46853491 0.32694199
0.19014755 0.46311280 0.34673965
0.18359375 0.46037946 0.35602679
0.20163308 0.46937969 0.32898723
0.19988102 0.46519929 0.33491969
0.20483716 0.46957129 0.32559155
0.20667794 0.46956889 0.32375317
0.23190443 0.47575545 0.29234013
0.17877370 0.46023147 0.36099483
0.20090439 0.46899225 0.33010336
0.20321361 0.46691871 0.32986767
0.20925205 0.47233031 0.31841764
0.23895582 0.47590361 0.28514056
0.20390310 0.46702557 0.32907133
0.19340404 0.46503149 0.34156447
0.18240647 0.45945399 0.35813953
0.20805703 0.47115385 0.32078912
0.19993550 0.46597872 0.33408578
0.21320017 0.47242727 0.31437256
0.20596560 0.47332898 0.32070542
0.20041370 0.46931740 0.33026890
0.17460317 0.46031746 0.36507937
0.21437741 0.47753530 0.30808729
0.20094899 0.46998814 0.32906287
0.20233623 0.47291482 0.32474896
0.20402893 0.46745868 0.32851240
0.19648241 0.46582915 0.33768844
0.19245283 0.45283019 0.35471698
0.19869707 0.46742671 0.33387622
0.20751604 0.47222731 0.32025665
0.20402178 0.46920821 0.32677000
0.19735007 0.46966527 0.33298466
0.20135939 0.46516568 0.33347494
0.19373657 0.46822229 0.33804114
0.22096056 0.46371030 0.31532914
0.20636137 0.46963020 0.32400843
0.18375095 0.46140218 0.35484687
0.21074695 0.47179878 0.31745427
0.20129463 0.46920025 0.32950512
0.21636265 0.47552826 0.30810908
0.20288066 0.46913580 0.32798354
0.20072072 0.46750751 0.33177177
0.19994689 0.46508232 0.33497079
0.20179629 0.46818269 0.33002102
0.20170775 0.46914774 0.32914451
0.16236972 0.44980801 0.38782227
0.21026184 0.47209733 0.31764084
0.19987453 0.46712673 0.33299875
0.19464640 0.46463979 0.34071381
0.16891892 0.45270270 0.37837838
0.20802782 0.47292724 0.31904493
0.21664168 0.47301349 0.31034483
0.24278116 0.47378419 0.28343465
0.20124031 0.46806202 0.33069767
0.19682018 0.45592327 0.34725655
0.21908823 0.47490981 0.30600197
0.20548317 0.46905537 0.32546145
0.19958130 0.46545708 0.33496162
0.20321893 0.47062245 0.32615862
0.17504836 0.45502901 0.36992263
0.20107285 0.46945838 0.32946877
0.20224090 0.46778711 0.32997199
0.20903454 0.47077059 0.32019486
0.20310559 0.46894410 0.32795031
0.20155440 0.46839378 0.33005181
0.20884078 0.47636947 0.31478976
0.18486251 0.46229240 0.35284509
0.20051086 0.46530438 0.33418476
0.20978769 0.47103275 0.31917956
0.17841484 0.46273187 0.35885329
0.20102937 0.46942174 0.32954889
0.19074814 0.46259280 0.34665905
0.20113798 0.46913229 0.32972973
0.20380679 0.47189801 0.32429521
0.20703800 0.47063903 0.32232297
0.20026830 0.46799540 0.33173630
0.19793621 0.46904315 0.33302064
0.20092838 0.47015915 0.32891247
0.19977395 0.46736366 0.33286239
0.20371677 0.46883086 0.32745236
0.20497312 0.47110215 0.32392473
0.16033511 0.45659396 0.38307092
0.20121240 0.46794125 0.33084635
0.20268888 0.46690048 0.33041064
0.19849081 0.46620735 0.33530184
0.20256660 0.46962313 0.32781027
0.23191095 0.46846011 0.29962894
0.18847795 0.45945946 0.35206259
0.21207785 0.47452776 0.31339439
0.19158378 0.46748279 0.34093344
0.20000000 0.46448980 0.33551020
0.19210687 0.46965485 0.33823829
0.16734143 0.45479082 0.37786775
0.20136286 0.46848382 0.33015332
0.20261873 0.46848646 0.32889481
0.19284065 0.46728253 0.33987683
0.20372460 0.46867946 0.32759594
0.20419034 0.47052557 0.32528409
0.17278732 0.46036988 0.36684280
0.20281273 0.46780163 0.32938564
0.20235962 0.47147551 0.32616487
0.20424242 0.46606061 0.32969697
0.20430487 0.46859562 0.32709951
0.20056062 0.47091801 0.32852137
0.20146520 0.46764347 0.33089133
0.19330357 0.47008929 0.33660714
0.20910698 0.47148541 0.31940760
0.20141220 0.47217016 0.32641764
0.21212121 0.46262626 0.32525253
0.20015924 0.46863057 0.33121019
0.20107335 0.46690519 0.33202147
0.16921899 0.45788668 0.37289433
0.20220244 0.47129803 0.32649953
0.20163488 0.46684832 0.33151680
0.20280702 0.46596491 0.33122807
0.21013728 0.47138332 0.31847941
0.18887198 0.46402956 0.34709846
0.20263158 0.46578947 0.33157895
0.20549242 0.46875000 0.32575758
0.20790760 0.46779209 0.32430031
0.19427780 0.46294416 0.34277803
0.20742592 0.47090325 0.32167083
0.16491228 0.45614035 0.37894737
0.20030407 0.46978335 0.32991258
0.15958211 0.45595821 0.38445968
0.19283830 0.46632177 0.34083993
0.20898100 0.47389398 0.31712502
0.20762905 0.47053449 0.32183646
0.20187455 0.46935833 0.32876712
0.20188482 0.46638743 0.33172775
0.17103984 0.45772595 0.37123421
0.20386462 0.47198719 0.32414818
0.16218354 0.45411392 0.38370253
0.20774216 0.47101068 0.32124715
0.21208791 0.46703297 0.32087912
0.20289720 0.46981308 0.32728972
0.19894447 0.46661313 0.33444240
0.20883820 0.47113329 0.32002851
0.24174757 0.47378641 0.28446602
0.20371912 0.46738829 0.32889259
0.19875402 0.47072615 0.33051983
0.21476385 0.47508367 0.31015247
0.20205687 0.46581972 0.33212341
0.16236817 0.45379555 0.38383627
0.20461670 0.46964947 0.32573383
0.16842996 0.45429539 0.37727465
0.19744795 0.46406985 0.33848220
0.20217640 0.46735395 0.33046964
0.20498084 0.46775223 0.32726692
0.20319060 0.46767422 0.32913518
0.20534351 0.46908397 0.32557252
0.20312779 0.47303324 0.32383897
0.18744650 0.46276748 0.34978602
0.21708892 0.47441629 0.30849478
0.20640956 0.47039652 0.32319392
0.18606870 0.46278626 0.35114504
0.15638271 0.44916313 0.39445416
0.19322328 0.46463944 0.34213727
0.19954476 0.46661608 0.33383915
0.20543841 0.46814149 0.32642009
0.16580388 0.46013903 0.37405709
0.20296167 0.46846690 0.32857143
0.18672439 0.46378066 0.34949495
0.20565193 0.47299944 0.32134863
0.18890555 0.46026987 0.35082459
0.19974144 0.46606335 0.33419522
0.18841151 0.46836815 0.34322034
0.20491803 0.46890899 0.32617298
0.21851290 0.46889226 0.31259484
0.20924658 0.46917808 0.32157534
0.20260456 0.47019785 0.32719760
0.20821414 0.47118921 0.32059665
0.21324621 0.47282447 0.31392931
0.20924499 0.46533128 0.32542373
0.20094192 0.47191318 0.32714490
0.21617574 0.47079381 0.31303045
0.20043037 0.46910544 0.33046419
0.20458831 0.46825896 0.32715273
0.20412569 0.46917726 0.32669705
0.20247934 0.46576151 0.33175915
0.20009231 0.46872836 0.33117932
0.21612931 0.47643226 0.30743844
0.22547365 0.48155250 0.29297384
0.19680851 0.46331151 0.33987998
0.17955010 0.45644172 0.36400818
0.20090090 0.46486486 0.33423423
0.20439691 0.46939988 0.32620321
0.21080900 0.47163478 0.31755623
0.19879518 0.46471601 0.33648881
0.20295453 0.47366498 0.32338049
0.19292293 0.46921958 0.33785749
0.23672177 0.47555399 0.28772423
0.22738386 0.46943765 0.30317848
0.20626944 0.47355827 0.32017229
0.21316033 0.46987952 0.31696015
0.20608170 0.47096538 0.32295292
0.18898187 0.46304045 0.34797768
0.20284308 0.47074904 0.32640787
0.16359447 0.45794931 0.37845622
0.21418338 0.46991404 0.31590258
0.19936618 0.46153846 0.33909536
0.20405210 0.47001126 0.32593665
0.23162004 0.46931251 0.29906745
0.21611910 0.47330595 0.31057495
0.20603567 0.47023320 0.32373114
0.20598847 0.47498605 0.31902548
0.18335344 0.46170084 0.35494572
0.17762238 0.46013986 0.36223776
0.20656455 0.46739606 0.32603939
0.19912949 0.46572361 0.33514690
0.20997163 0.47223348 0.31779489
0.17439294 0.46136865 0.36423841
0.20166988 0.46885035 0.32947977
0.20407577 0.46986223 0.32606200
0.17182021 0.45744342 0.37073637
0.15947925 0.45628786 0.38423289
0.20317933 0.46878622 0.32803444
0.20416626 0.46914799 0.32668575
0.20348688 0.46987437 0.32663875
0.20207469 0.47053942 0.32738589
0.20089383 0.47002398 0.32908219
0.20797546 0.47116564 0.32085890
0.19206621 0.46347032 0.34446347
0.17727338 0.46027870 0.36244792
0.19375420 0.46490934 0.34133647
0.22837495 0.47231270 0.29931234
0.18951165 0.46115427 0.34933407
0.20197570 0.46976372 0.32826058
0.21170499 0.47118543 0.31710958
0.21909736 0.47542520 0.30547743
0.20059583 0.46816727 0.33123690
0.20907248 0.46984288 0.32108464
0.19948747 0.46799544 0.33251708
0.20195385 0.47170288 0.32634327
0.20685901 0.46924333 0.32389766
0.16325785 0.45726808 0.37947407
0.17117117 0.45045045 0.37837838
0.20609027 0.46982055 0.32408918
0.20272572 0.46905168 0.32822260
0.19862041 0.46703185 0.33434774
0.19025929 0.46391030 0.34583041
0.20553965 0.47453226 0.31992809
0.16614201 0.45785240 0.37600560
0.20678108 0.47082461 0.32239431
0.19861910 0.46812428 0.33325662
0.22445141 0.47272727 0.30282132
0.21424788 0.47457627 0.31117585
0.18003731 0.46361940 0.35634328
0.20024934 0.46618357 0.33356709
0.19726422 0.46436285 0.33837293
0.20135797 0.47495548 0.32368655
0.21363360 0.47169811 0.31466829
0.20718300 0.47129245 0.32152455
0.20319303 0.46770682 0.32910015
0.20014618 0.46826654 0.33158728
0.16167171 0.45174594 0.38658235
0.17880170 0.46139330 0.35980500
0.20558424 0.47045324 0.32396252
0.20543565 0.46842526 0.32613909
0.20357371 0.46904914 0.32737715
0.18418839 0.46593776 0.34987384
0.16827870 0.45912865 0.37259266
0.20227508 0.47507756 0.32264736
0.19775070 0.46686303 0.33538626
0.21183432 0.47573964 0.31242604
0.19751500 0.46443873 0.33804627
0.21379310 0.47438424 0.31182266
0.21047331 0.47029204 0.31923464
0.20136758 0.47216621 0.32646620
0.20566081 0.47226661 0.32207259
0.20539799 0.46843550 0.32616651
0.21436004 0.47502601 0.31061394
0.20656314 0.46996777 0.32346909
0.20101981 0.47107276 0.32790743
0.20810752 0.47040971 0.32148277
0.20112016 0.46741344 0.33146640
0.20153381 0.46773837 0.33072782
0.20421635 0.46954855 0.32623509
0.21045621 0.46053946 0.32900433
0.20378663 0.46979339 0.32641999
0.20301291 0.46879484 0.32819225
0.21733129 0.47285276 0.30981595
0.20185185 0.46851852 0.32962963
0.19082479 0.46217667 0.34699854
0.19330454 0.46004320 0.34665227
0.20322900 0.46863051 0.32814049
0.20674870 0.46998509 0.32326622
0.20196353 0.46676017 0.33127630
0.20212413 0.46730833 0.33056754
0.18384947 0.46295570 0.35319483
0.21404983 0.47433203 0.31161813
0.20528860 0.46858118 0.32613022
0.20233139 0.46988621 0.32778240
0.18812341 0.46532127 0.34655532
0.18561903 0.46044332 0.35393765
0.16986564 0.45585413 0.37428023
0.23762120 0.47472527 0.28765352
0.19986937 0.46984542 0.33028522
0.15408202 0.45228057 0.39363741
0.20164512 0.46768508 0.33066980
0.20267644 0.46889952 0.32842404
0.20650067 0.47055315 0.32294618
0.20008883 0.46702199 0.33288918
0.20137687 0.46978316 0.32883997
0.20324544 0.46693712 0.32981744
0.20200463 0.46915960 0.32883577
0.20494560 0.46943620 0.32561820
0.16528222 0.45623003 0.37848775
0.20561080 0.46946023 0.32492898
0.19591409 0.46673651 0.33734940
0.18923199 0.46634996 0.34441805
0.20093565 0.46976267 0.32930169
0.20307918 0.46774194 0.32917889
0.16324889 0.45195014 0.38480097
0.20436681 0.47382481 0.32180837
0.20778477 0.46994848 0.32226674
0.21125000 0.47031250 0.31843750
0.21140732 0.47241166 0.31618103
0.21404895 0.47386537 0.31208567
0.20129765 0.46974858 0.32895377
0.20160750 0.46550569 0.33288681
0.20261438 0.46666667 0.33071895
0.21750952 0.47417074 0.30831974
0.21057012 0.47232626 0.31710362
0.21272514 0.47468827 0.31258659
0.20273973 0.46931507 0.32794521
0.19571168 0.46487226 0.33941606
0.20164609 0.46786958 0.33048433
0.20405560 0.47169256 0.32425184
0.20478469 0.46794258 0.32727273
0.20168806 0.47089854 0.32741340
0.20075210 0.46890367 0.33034423
0.17100000 0.45200000 0.37700000
0.20344980 0.46815568 0.32839452
0.20967185 0.47046632 0.31986183
0.21314496 0.47113022 0.31572482
0.18348491 0.46427025 0.35224484
0.19642168 0.46994465 0.33363367
0.20654266 0.47107120 0.32238614
0.19399538 0.46420323 0.34180139
0.21421354 0.47153924 0.31424722
0.20097488 0.46737908 0.33164604
0.19973064 0.46612795 0.33414141
0.20762712 0.47033898 0.32203390
0.20432264 0.47125668 0.32442068
0.16012658 0.45316456 0.38670886
0.20037658 0.47127065 0.32835277
0.17291507 0.45600612 0.37107881
0.20549139 0.46981913 0.32468947
0.17717087 0.45553221 0.36729692
0.20081061 0.46904937 0.33014001
0.19994477 0.47068029 0.32937494
0.21063395 0.46625767 0.32310838
0.20519836 0.46785226 0.32694938
0.20336243 0.46621403 0.33042354
0.20361373 0.46948072 0.32690556
0.22802042 0.47362450 0.29835508
0.20604651 0.47255814 0.32139535
0.21564195 0.47287523 0.31148282
0.19474058 0.46339730 0.34186212
0.19879437 0.46751507 0.33369056
0.20030817 0.46718028 0.33251156
0.21163895 0.47173397 0.31662708
0.20540375 0.47006448 0.32453178
0.19623847 0.46593329 0.33782825
0.20259939 0.46712538 0.33027523
0.20468815 0.46944328 0.32586856
0.20454545 0.47085561 0.32459893
0.20487805 0.46960600 0.32551595
0.15780924 0.45254119 0.38964957
0.20581655 0.46868009 0.32550336
0.19559263 0.46613546 0.33827191
0.21039604 0.47249725 0.31710671
0.15606242 0.45078031 0.39315726
0.20439739 0.46661238 0.32899023
0.17495183 0.45780347 0.36724470
0.18825957 0.46434304 0.34739739
0.19900643 0.46902396 0.33196961
0.21275121 0.47124047 0.31600832
0.17916428 0.46078993 0.36004579
0.20655979 0.47116270 0.32227750
0.21763393 0.47879464 0.30357143
0.19025224 0.46746473 0.34228303
0.21092388 0.46833236 0.32074375
0.20268890 0.46987747 0.32743363
0.20594333 0.46233587 0.33172080
0.20179629 0.46799159 0.33021212
0.21861422 0.47290190 0.30848388
0.20050761 0.46720031 0.33229207
0.18227545 0.46227545 0.35544910
0.15994166 0.45721925 0.38283909
0.20417928 0.47075481 0.32506591
0.16285453 0.45242452 0.38472095
0.20868455 0.47305236 0.31826309
0.17999065 0.46002805 0.35998130
0.20132499 0.46853147 0.33014354
0.21025901 0.46216353 0.32757745
0.19104478 0.46417910 0.34477612
0.22549399 0.47578458 0.29872143
0.17969970 0.46390390 0.35639640
0.20695505 0.46946565 0.32357930
0.19667413 0.46818036 0.33514551
0.16990583 0.45782408 0.37227009
0.18446602 0.45900755 0.35652643
0.16829635 0.45863106 0.37307258
0.20702619 0.47018408 0.32278973
0.20167177 0.47198022 0.32634801
0.20355389 0.47081768 0.32562843
0.21662050 0.47257618 0.31080332
0.20010883 0.46741940 0.33247177
0.20661428 0.47282253 0.32056320
0.20419378 0.47057122 0.32523500
0.20003609 0.46756293 0.33240097
0.20504058 0.47073900 0.32422042
0.18757764 0.45838509 0.35403727
0.19512962 0.46724273 0.33762765
0.18444909 0.45746165 0.35808926
0.19833729 0.46555819 0.33610451
0.20174660 0.46965660 0.32859680
0.20613250 0.46956132 0.32430618
0.20527404 0.46690796 0.32781799
0.19923918 0.46885402 0.33190680
0.19844260 0.46721929 0.33433811
0.16314935 0.45413961 0.38271104
